
Parameter: 3R
Number of depth factors: 21
Number of duty cycles:   39

Matrix:
[
    [0.0001732416332679943, 9.964031144366489e-05, 0.0001055320941567582, 0.00015672414252330583, 0.00026197782747653883, 0.00017532253383316775, 6.0299085020872985e-05, 3.7580409179948865e-05, 4.431426268886606e-05, 4.560808758010609e-05, 4.4524234545538274e-05, 4.2391889380359725e-05, 3.377130653862107e-05, 2.8441805462393195e-05, 2.2312400142552274e-05, 2.0663661011342086e-05, 1.3684790488248784e-05, 6.269957544325182e-06, 1.1962270971114922e-06, 6.03364111366309e-07, 4.43167835649705e-06, 9.063307415040865e-06, 1.0485250375698619e-05, 1.7146946940273232e-05, 1.9153444153823557e-05, 2.9029409618591124e-05, 5.0264978688311774e-05, 5.294995363308295e-05, 6.458868398412156e-05, 4.84716694763251e-05, 8.562931072548635e-05, 1.854436213989161e-05, 6.815679246489474e-07, 7.778893853494383e-05, 7.383131064878162e-05, 0.0001147525903628101, 9.770699313361082e-05, 3.85398570966118e-05, 2.2475289901599844e-05, ],
    [9.042110687944631e-05, 7.454648275500084e-05, 2.9169555129333213e-05, 2.0011579873058952e-05, 3.428105705523296e-07, 2.6528284962520385e-05, 3.237891482342511e-05, 2.6700566167884163e-05, 3.6447914181831294e-05, 4.945581061670575e-05, 4.908853550458436e-05, 3.0590476554521244e-05, 1.209511412320376e-05, 2.1250785349556785e-06, 1.0624828046295107e-07, 1.088987713827329e-06, 1.5045792344023263e-06, 8.39073170245329e-07, 1.3160793053368838e-06, 4.604702875625735e-06, 5.730941787701333e-06, 3.180147720378214e-06, 1.4520543819009547e-06, 5.142152989113281e-06, 1.8708270500596516e-05, 3.89592160485566e-05, 4.6543934607991745e-05, 7.98803484405734e-05, 5.514080734462102e-05, 6.673109478425672e-05, 0.00019223632329975172, 8.321992471062131e-05, 3.216063098421035e-05, 0.0001225475501561066, 0.0001897177968700523, 0.00018307825528354518, 0.00013971220989642287, 0.00015585550216426584, 2.7024396488658143e-05, ],
    [5.39757730768738e-05, 2.1764436718772277e-05, 1.6224918871292937e-05, 1.5814774902624728e-05, 1.1986076811183577e-05, 1.289468979396703e-05, 1.158468887864538e-05, 9.21080457737121e-06, 6.2728641671879725e-06, 5.3020276243652385e-06, 3.6348207611410265e-06, 2.4120732301324648e-06, 1.9829605164375914e-06, 3.2785874525966395e-06, 5.312971621750854e-06, 6.494747046775687e-06, 6.062380851387945e-06, 4.761111769224649e-06, 3.7307797635445595e-06, 3.6916316246099326e-06, 2.596232922191194e-06, 9.120852465709673e-07, 5.862160758479061e-08, 9.182812852185132e-07, 5.227173364164274e-06, 1.4646267777635616e-05, 2.7189063854050855e-05, 4.2162780399032127e-05, 4.810950367036561e-05, 4.588108467692695e-05, 2.006566694289184e-05, 7.043199447445379e-05, 6.681242813523528e-05, 8.381617478315193e-07, 7.33928565672629e-06, 1.927731391805604e-05, 3.668893060070877e-06, 1.4886051963488762e-06, 4.692139826522651e-06, ],
    [7.04394086191883e-05, 8.166948840252012e-05, 4.7878357641202363e-05, 7.631705296830794e-05, 9.105717530024949e-05, 5.495488879610053e-05, 1.3767350541303452e-05, 1.379826826358805e-06, 7.544075771613326e-06, 1.3897140974900327e-05, 1.2348702845891394e-05, 1.0365785487530518e-05, 5.5666607146419874e-06, 2.372056043324505e-06, 7.971614896845388e-08, 6.139425853178594e-07, 2.57248986137747e-06, 3.20201564439391e-06, 3.2925709879899354e-06, 3.1156223931359845e-06, 3.696086572892498e-06, 3.2311523791866863e-06, 2.210392745721703e-06, 6.620340554152362e-07, 3.986091625612832e-07, 8.438781767155719e-07, 1.1709745134685078e-06, 1.5595210616316536e-06, 7.06289675413982e-06, 1.1544029390960101e-05, 8.671666784166227e-06, 0.00012033152644036057, 0.00016290034754322201, 0.00016160452284831383, 8.213090308393977e-05, 6.458713067888135e-05, 1.671566840496417e-05, 5.4223260871283094e-06, 4.887998505062358e-06, ],
    [2.3701158848354198e-05, 1.3214106658529893e-06, 2.797942025988766e-05, 3.445470577105468e-05, 2.8065392796624233e-05, 6.516103426714714e-06, 1.3734978415799913e-05, 7.056256252178107e-06, 2.899277062819258e-06, 3.280487177141948e-06, 1.0002586223440146e-05, 1.4507839296583686e-05, 1.6549395975999393e-05, 1.5467114471640388e-05, 1.1832841380722541e-05, 1.1856584812599283e-05, 1.2933131336543552e-05, 1.5500983218073192e-05, 1.619757003162861e-05, 1.7841556939154003e-05, 1.5836236943073715e-05, 1.3035688251532554e-05, 1.1236431174290642e-05, 6.421877320889035e-06, 1.9434508235573165e-06, 9.06022118255911e-08, 2.780368205150803e-06, 1.1970289317874842e-05, 2.823826110422476e-05, 5.035888431314354e-05, 3.8768690129308944e-05, 1.8800438385537247e-06, 0.0004181142694411841, 0.0009567889159791895, 0.0006992997560604318, 0.0004957191067453509, 0.000229574359864886, 0.0001166232590894389, 3.317389030296105e-05, ],
    [5.373978008123637e-06, 1.268619465249391e-05, 1.6142331299821214e-05, 2.8231069275173652e-05, 1.147056872230112e-05, 1.1214400705525019e-07, 3.937638941987973e-06, 4.903900858307371e-06, 5.202012882879958e-06, 5.038407878580424e-06, 4.032536036453911e-06, 4.610270095094831e-06, 8.178190700085032e-06, 1.3610753514081031e-05, 1.729902766299225e-05, 1.5956055311007257e-05, 1.5970755549957086e-05, 1.0309547941928712e-05, 6.964359923475208e-06, 4.059374584841143e-06, 1.8930155302857975e-06, 3.5260729581230625e-07, 3.0710568294044e-07, 2.068329766458504e-06, 3.4365608197207023e-06, 2.70294223659459e-06, 9.330900934970838e-07, 4.715284484656191e-06, 2.4793344983269532e-05, 7.554978631664984e-05, 3.912779703787142e-05, 0.0002148041774444152, 0.0004405764627594235, 0.0010089842446208248, 0.0018836605162274415, 0.0017228085735143085, 0.0011028879619587456, 0.000736062610652306, 0.00040372524048802236, ],
    [3.305149777545845e-05, 0.00013058069838820427, 0.00024643316233620525, 0.00016573516753227535, 8.336592557091806e-05, 8.979196470563175e-05, 0.00021336777700659115, 0.00024454105693431217, 0.00022073390320931087, 0.00016963512302635206, 0.0001246611095656199, 8.117064364349551e-05, 5.569688014516735e-05, 4.923692620491698e-05, 4.187636722816122e-05, 4.051630413879e-05, 2.6738265544377954e-05, 1.5421022226121602e-05, 4.569835723524634e-06, 3.8770649719353286e-07, 3.821790003343187e-07, 1.676026875251777e-06, 2.450489932399451e-06, 1.684957850059395e-06, 2.860364373473247e-07, 2.073663360935051e-07, 7.952923619700395e-07, 1.2343521238231653e-06, 9.545167118772187e-07, 1.613253221033648e-06, 0.00020827471435702592, 0.00026255537280445564, 0.0002894905671671174, 0.0005469606079465958, 0.00035847552936742714, 0.00024340448539684396, 0.00011681066161399788, 8.443718569746399e-05, 6.761076344571558e-05, ],
    [1.2940645886958263e-05, 0.00010813818204684632, 0.00019211246683848883, 0.0002768061278532515, 0.0003029468038423675, 0.00021300043223970605, 8.928343374553823e-05, 8.753329644047937e-05, 0.0002025763355484425, 0.0002676891242549377, 0.00028394238564581045, 0.00021111295313567448, 0.00012014105429900496, 4.3760025475522876e-05, 1.542569750538633e-05, 1.440959746272075e-05, 1.6990026472200708e-05, 1.4992158783901004e-05, 1.0270523831256273e-05, 6.378557319270102e-06, 3.6029297267037636e-06, 3.1540150837104925e-06, 2.4525068472063696e-06, 1.5635353075251168e-06, 6.770598910220418e-07, 2.637842903841694e-07, 1.2351770040073714e-06, 5.1253650054789955e-06, 1.1771207410477991e-05, 1.8443824502973135e-05, 4.7433660135352304e-05, 2.2350782208818616e-05, 2.3725916622510534e-05, 3.37079068796264e-05, 1.7361543959116955e-05, 2.0180181356105202e-05, 3.191674862556602e-05, 1.6430903301362956e-05, 1.0461114413832655e-05, ],
    [5.487808567519199e-05, 9.141754322173665e-05, 0.00010378302333062213, 5.278187332301585e-05, 2.2494274396632323e-05, 1.387424719676647e-05, 1.2179223546772727e-05, 3.061205044346562e-05, 5.043755497006177e-05, 4.8360502751130526e-05, 3.4646961367419015e-05, 1.574584474416806e-05, 4.7807451231387145e-06, 3.6100947734760625e-06, 8.130031743674358e-06, 9.607713323999633e-06, 7.56888884698949e-06, 4.767669028007568e-06, 2.6049482142701387e-06, 8.762268348040929e-07, 1.3568984873351237e-07, 4.102442897940742e-08, 1.1143407572606016e-07, 6.69165087394358e-08, 8.205864768860851e-09, 7.150528845313392e-08, 6.503187662736618e-07, 2.5276936893849577e-06, 7.473647471788252e-06, 1.6354196416039398e-05, 0.00013354682295182074, 0.00016574431716539473, 8.542266787989096e-05, 5.460249776823428e-05, 2.4520543076841248e-05, 1.9303753671730773e-05, 4.300302384589687e-05, 8.536465200032945e-05, 8.297325330904547e-05, ],
    [0.00017135268388834146, 0.00016854653572664628, 0.00015875391172579404, 7.034823976476784e-05, 2.1615313313969817e-06, 4.648325545338251e-05, 9.64407885866177e-05, 4.924795100297722e-05, 2.551036458424188e-05, 6.171964569696156e-06, 6.000851461769383e-07, 6.700739537946658e-07, 2.2206355505685806e-06, 2.7515985900429656e-06, 2.357288067642582e-06, 2.5019052588246856e-06, 2.9015240170643316e-06, 3.3847809451477526e-06, 4.061493137161089e-06, 3.242934591851953e-06, 2.3197892982315853e-06, 1.465791920397355e-06, 8.514889669576784e-07, 2.8649369916314854e-07, 3.1303633026122986e-07, 4.3485382040297586e-07, 9.134600252272544e-08, 5.518031480444092e-07, 3.88368391673284e-06, 1.2529809198756685e-05, 6.771418604965539e-05, 5.807033545528686e-05, 2.550296985092299e-05, 2.5374938034937165e-05, 1.7259598611650275e-05, 4.110011021302098e-06, 3.940225182795564e-06, 1.289538040538339e-05, 1.440494605149307e-05, ],
    [0.00019644582002646425, 6.0770474651680464e-05, 2.757944258106494e-05, 0.00031320061073356926, 0.0005188819155170928, 0.00032787856772528256, 0.00024189775286864468, 9.74344770794067e-05, 3.5541209145954086e-05, 4.350674618048144e-06, 3.2341870245603224e-07, 1.9044124467175072e-06, 2.2632878419734452e-06, 4.06424292741335e-06, 7.1340726851395766e-06, 8.576765689750897e-06, 7.381455140188139e-06, 5.21927126061844e-06, 2.673834537328807e-06, 8.286733613724838e-07, 2.816133421776931e-07, 2.1597668929273402e-07, 3.274175628475555e-07, 2.9809862163832337e-07, 9.73182140370646e-08, 7.4201668787172226e-09, 3.890967172666256e-07, 1.2558549050234994e-06, 3.825410750934502e-06, 8.441027695318875e-06, 1.1206238489587942e-05, 2.700223844433349e-05, 5.748431810444541e-05, 8.199584847047506e-05, 2.715772199205024e-05, 2.0813239817426628e-05, 7.5321215933445325e-06, 1.9751280728976023e-05, 5.883734016167702e-06, ],
    [0.00011436766208474927, 1.5970313019200957e-05, 8.213114336523702e-05, 0.0002193610747479159, 0.00018856781064584014, 9.58976793411243e-05, 8.230596337109803e-05, 6.403747698848962e-05, 2.153558604591176e-05, 1.2689620640498331e-06, 4.0388881224747835e-06, 5.331906993255155e-06, 5.831433984732702e-06, 6.879372609855956e-06, 4.57075675598848e-06, 1.6571203813217388e-06, 1.3021298302847933e-07, 9.331212295988122e-07, 2.4361002999729683e-06, 2.6587113019145363e-06, 2.4359084189222678e-06, 2.0564879664987494e-06, 1.6807662425996182e-06, 9.761657337951818e-07, 3.2807859855869844e-07, 6.388585617623683e-07, 9.630169279413918e-07, 3.3367158643219775e-07, 2.0271844237442868e-06, 1.2941082605368796e-05, 5.419570553185834e-05, 4.654385002404548e-05, 3.705126601562603e-05, 4.935196349267826e-05, 8.08021368916577e-05, 6.401090272283903e-05, 1.245938162809617e-05, 4.241268823224418e-06, 1.7790349334069102e-05, ],
    [9.808433460152032e-05, 1.3367467014458258e-05, 4.747966962022246e-05, 1.6409137056687216e-05, 2.9627635077548573e-05, 3.366177860889961e-05, 2.352463176667092e-05, 1.3633448554043165e-05, 5.441491289077036e-06, 9.702286240153388e-07, 2.7854078801973604e-08, 9.580051100179727e-08, 4.520723729673238e-07, 8.757494240146838e-07, 3.270265586079278e-06, 7.381150370531589e-06, 1.224061764147035e-05, 1.377592959184338e-05, 1.2459162651242598e-05, 8.629417917627255e-06, 4.304238246994588e-06, 1.805651209059977e-06, 5.338628928701144e-07, 3.4616395521901747e-08, 2.0115408433386501e-07, 1.0279793618225852e-06, 1.541160712293909e-06, 5.02842802963535e-07, 6.843333156928557e-07, 9.008856771055058e-06, 8.980516139403777e-05, 0.00015050383260449055, 0.00021256968448798982, 7.871161038957688e-05, 0.00023213418855444902, 0.0002068922686699057, 0.00010841229723359079, 0.00011709673995235833, 0.00011208696470397756, ],
    [1.3096228573057198e-05, 6.497448979118908e-05, 0.00023544667897414746, 0.00014428594398971866, 0.00012058450057526738, 9.767608878948536e-05, 9.818018678595598e-06, 1.4750705838531417e-06, 2.7779351060259266e-06, 2.8800030292419103e-06, 2.1022689988846664e-06, 1.660220208420938e-06, 2.4819447561428407e-06, 4.561944479426285e-06, 8.593808438606683e-06, 1.131701488293844e-05, 1.1798028988193796e-05, 8.642272415265763e-06, 5.904037853837404e-06, 4.059648074676383e-06, 1.989355363003781e-06, 1.2285481513156975e-06, 8.241493715254938e-07, 4.014137413390427e-07, 2.3556624343970813e-07, 5.146346628935636e-07, 1.244994853336964e-06, 7.992636600045451e-07, 1.338617063205505e-07, 6.273055720523747e-06, 2.2949149080638405e-05, 3.585348477061116e-05, 6.89480552114772e-05, 0.0005318299794346006, 0.0004842556823195981, 0.00030352934657439025, 0.00015170824991504663, 6.134773575986775e-05, 3.3295392032030644e-05, ],
    [1.9652157925047792e-05, 0.00011504432152735555, 0.00032247214419419833, 0.0001851798459748537, 6.274620751914253e-05, 5.2177024375975534e-05, 8.93441906235406e-06, 1.5788105258948183e-06, 1.1722364987325862e-07, 2.7581096618414575e-07, 9.660810699808068e-07, 1.5199510460239737e-06, 1.7465129013860408e-06, 2.2915455931731087e-06, 2.9060694731097197e-06, 4.254755765642784e-06, 6.594938443764879e-06, 9.585849652681791e-06, 1.2880642295930806e-05, 1.2520730327683782e-05, 8.721544344087441e-06, 4.7987662089396026e-06, 1.4156848630759057e-06, 7.347320274230958e-08, 4.162335257546197e-07, 2.0194355774471943e-06, 5.403309384854544e-06, 5.286652614580735e-06, 1.0624554062540523e-06, 5.000014530772396e-06, 0.00017347155383587882, 0.00014741725406793168, 6.865475686624074e-05, 0.00043392127502308464, 0.0005951263531730163, 0.0005008562494445958, 0.0002691988229016198, 0.00012434930652081383, 8.179513517384576e-05, ],
    [8.268382443289655e-05, 4.501133959237812e-05, 7.487088027845861e-05, 3.667004393406003e-05, 7.194684193409755e-06, 1.6245164018304206e-05, 1.1796956736536407e-05, 2.262439929934943e-06, 1.4104395904564135e-06, 2.1156605274961847e-06, 1.4571455326646252e-06, 6.095327179618104e-07, 8.580739053199518e-08, 4.825604537277567e-07, 4.418722704472427e-06, 1.2188281424492033e-05, 2.099984731279881e-05, 2.4375467396425816e-05, 2.174689970312867e-05, 1.3365831820852754e-05, 5.079233320483387e-06, 7.586774275100669e-07, 1.7550651696822065e-07, 1.6836519637777855e-06, 3.1740383593019117e-06, 4.4581706810148246e-06, 7.614942105858625e-06, 6.5742442517014705e-06, 1.3331811090343734e-06, 5.611508786320246e-06, 0.0001542027195410699, 0.00032591466553940707, 0.000543964491304955, 0.00046423892744514787, 0.00026127108103005976, 0.00019308676856363014, 0.00024221781050498984, 0.00017899694642114524, 8.753859055983147e-05, ],
    [2.5799099377297263e-05, 2.5052985968403635e-05, 5.112726461003583e-06, 7.611940407574988e-06, 1.3397952008667712e-06, 4.0336308448609525e-06, 6.423363973490022e-07, 3.030862922392893e-07, 2.8539380072176753e-07, 2.1559794097552022e-06, 3.2521368645640702e-06, 3.2896752563038553e-06, 1.9244562237487556e-06, 1.9906429718528984e-06, 5.6470904420790235e-06, 1.0208625543967838e-05, 1.4326829415845426e-05, 1.546971762833175e-05, 1.4902646711580318e-05, 1.094539596768899e-05, 6.068208089989377e-06, 2.8631671253828746e-06, 1.4677213788072666e-06, 1.7170694611971195e-06, 2.461178423207182e-06, 3.274598376107163e-06, 6.495716666282653e-06, 8.20578055746784e-06, 3.8258683331458695e-06, 6.432365468878034e-07, 0.00044321668553538255, 0.0012026564266131106, 0.0006670750272847262, 0.0006523432420237086, 0.0001881117173136288, 0.0003895232875675863, 0.00027924001264292164, 0.00018373912364528792, 8.986329675097413e-05, ],
    [0.00013129209382836915, 0.00018738192617757474, 3.9480852794220286e-05, 2.9664842859415887e-05, 8.245339570074651e-06, 3.004872091081423e-06, 1.2982385015299306e-06, 1.9376989326695186e-06, 2.317747210566929e-06, 2.8540007097886847e-06, 1.8145953506261124e-06, 1.2408477402326963e-06, 5.831973822915944e-07, 9.992762069571927e-07, 2.209555417737572e-06, 8.172702949221583e-06, 1.763721793783472e-05, 2.7978569559983455e-05, 3.2708734923482245e-05, 2.0337955207436398e-05, 8.89050101551511e-06, 2.6065500495139878e-06, 9.202270721015979e-07, 2.737992229902888e-06, 4.8042845781913435e-06, 5.669368906853566e-06, 9.404701329663262e-06, 1.2814897960559032e-05, 7.77865522025746e-06, 3.102712787554356e-07, 0.0007598001417431314, 0.0008451346169324164, 0.0017790352979929632, 0.0010746496778864455, 0.0016476071452323855, 0.0012389195296073866, 0.0006590571230233112, 0.0003486642727120173, 5.8835983424242154e-05, ],
    [6.37541868391229e-05, 2.5730349692203873e-05, 1.0871038899458273e-05, 6.432414382909338e-06, 4.1711617814538116e-07, 1.0565856355451168e-06, 3.144642262153391e-06, 1.827282955915962e-06, 1.4820947609318938e-06, 8.480912124108154e-07, 9.138686865669703e-07, 1.9159437818560594e-06, 2.557718636611822e-06, 3.7715204466255606e-06, 8.051280324537769e-06, 1.8312233781874532e-05, 2.7114775573001456e-05, 3.088324042787794e-05, 3.2337157374077676e-05, 2.4055146460019523e-05, 1.2222789180317498e-05, 6.486391127496984e-06, 3.617744636762593e-06, 2.9900746057608165e-06, 3.34003110507279e-06, 4.299942615372041e-06, 6.078159049806778e-06, 8.850886501012387e-06, 7.888356440457641e-06, 9.329816502696815e-07, 0.0005744667340636452, 0.0007040337915372227, 0.0009004235034432129, 0.00045377798444921615, 0.00015774506310467057, 0.00014129842094380413, 2.0999150607012718e-05, 1.9890438760033996e-05, 1.8636891290429244e-05, ],
    [1.8289545932789397e-05, 2.2083989721255243e-05, 8.719184042666876e-06, 4.4196305209639775e-06, 5.203737500169482e-06, 1.670370640661181e-06, 8.524023674128231e-07, 7.631756058925506e-07, 1.4496084592446402e-08, 1.906953668711757e-06, 5.88649973213214e-06, 8.303462988424863e-06, 5.631289474439706e-06, 5.089280139970551e-06, 6.361120724266038e-06, 8.997213652236182e-06, 1.6884630437510633e-05, 2.3790647710868448e-05, 3.72814233205652e-05, 3.399583905696487e-05, 2.0562728543730563e-05, 9.445157671559487e-06, 2.0147152599037002e-06, 1.1124971039040968e-06, 3.534676499709948e-06, 6.314046525837623e-06, 7.54349351652126e-06, 7.830115560330178e-06, 5.195449287755831e-06, 3.8069296161757865e-07, 0.00023396544186863325, 0.00019977824572458566, 0.00010728357609765279, 2.243577128317684e-05, 2.0104648254060348e-05, 3.469754828228636e-05, 0.00011612279424513812, 0.00010432160843361272, 5.0443831883845864e-05, ],
    [3.237584959463742e-05, 5.493996998593054e-05, 2.8107827713726e-06, 3.549321767331667e-10, 2.4958619849334005e-06, 4.1685337947742165e-06, 1.760089842251685e-06, 1.1390310977087396e-08, 3.555252666459267e-07, 2.097039880172381e-06, 3.604253148309945e-06, 3.228821477282235e-06, 1.2306400261882195e-06, 1.271324397993143e-06, 5.493731640645463e-07, 4.0290823321119453e-07, 4.517928288787087e-06, 1.5211943710758409e-05, 2.9798192487945798e-05, 2.8315374454853337e-05, 1.461941085479478e-05, 3.937586678726447e-06, 5.150343408892321e-06, 8.082038301771051e-06, 9.155891875006578e-06, 6.9924785080630175e-06, 4.704257172671391e-06, 1.3970316207255753e-06, 2.669521974507618e-07, 1.534799444318328e-07, 7.733430107309029e-05, 4.201195264542992e-05, 1.0790460054298635e-05, 1.8996897219606788e-06, 1.066739760944563e-05, 5.8110309645090606e-05, 9.244529823156715e-05, 8.997338338122426e-05, 3.533920507404386e-05, ],
]
