 0.4275251791570859, 0.8, 20.0, 0.28591942816553145
 0.4275251791570859, 0.784, 19.583468236198428, 0.28673212242817864
 0.4275251791570859, 0.7686274509803922, 19.184283570762837, 0.2874963682935025
 0.4275251791570859, 0.7538461538461539, 18.80136282780684, 0.2882936503809847
 0.4275251791570859, 0.739622641509434, 18.433712921276232, 0.2890391170469158
 0.4275251791570859, 0.7259259259259259, 18.080421505473552, 0.2897309461932126
 0.4275251791570859, 0.7127272727272727, 17.74064878668832, 0.2903657960382125
 0.4275251791570859, 0.7, 17.413620328364388, 0.2909690219605165
 0.4275251791570859, 0.6877192982456141, 17.098620709730763, 0.2915449388202203
 0.4275251791570859, 0.6758620689655173, 16.794987920274295, 0.292076009009301
 0.4275251791570859, 0.664406779661017, 16.50210839086207, 0.29257577649176514
 0.4275251791570859, 0.6533333333333333, 16.21941257752279, 0.293040978189924
 0.4275251791570859, 0.6426229508196721, 15.946371026493122, 0.29348222312906747
 0.4275251791570859, 0.632258064516129, 15.682490859619808, 0.2939013022607168
 0.4275251791570859, 0.6222222222222222, 15.427312627971409, 0.29429747251685084
 0.4275251791570859, 0.6124999999999999, 15.18040748886694, 0.29467043739041127
 0.4275251791570859, 0.6030769230769231, 14.941374667722823, 0.2950227462723862
 0.4275251791570859, 0.593939393939394, 14.709839171355561, 0.2953572384620693
 0.4275251791570859, 0.5850746268656717, 14.485449723819883, 0.29567068036711985
 0.4275251791570859, 0.5764705882352942, 14.267876899642369, 0.2959665459910846
 0.4275251791570859, 0.5681159420289855, 14.056811432538773, 0.29624652805403273
 0.4275251791570859, 0.56, 13.851962680467771, 0.29651210910112813
 0.4275251791570859, 0.552112676056338, 13.653057230248155, 0.2967628162179272
 0.4275251791570859, 0.5444444444444444, 13.459837627011849, 0.29700085507968926
 0.4275251791570859, 0.536986301369863, 13.272061215531336, 0.29722626929166907
 0.4275251791570859, 0.5297297297297298, 13.089499081989581, 0.2974383713998086
 0.4275251791570859, 0.5226666666666667, 12.911935086088024, 0.2976385451381212
 0.4275251791570859, 0.5157894736842105, 12.73916497454351, 0.29782769864937275
 0.4275251791570859, 0.509090909090909, 12.570995568032437, 0.29800674946578287
 0.4275251791570859, 0.5025641025641026, 12.407244014521105, 0.2981759245643963
 0.4275251791570859, 0.4962025316455696, 12.247737102692609, 0.2983369269125889
 0.4275251791570859, 0.49, 12.092310629857906, 0.2984879421407271
 0.4275251791570859, 0.4839506172839506, 11.94080881933422, 0.2986305314954368
 0.4275251791570859, 0.47804878048780486, 11.793083782798943, 0.2987639833385755
 0.4275251791570859, 0.47228915662650606, 11.648995023590732, 0.2988893753333221
 0.4275251791570859, 0.4666666666666667, 11.508408977339421, 0.29900697066304227
 0.4275251791570859, 0.4611764705882353, 11.37119858666983, 0.29912038194978113
 0.4275251791570859, 0.4558139534883721, 11.23724290704701, 0.2992253023944134
 0.4275251791570859, 0.4505747126436782, 11.106426741117268, 0.2993254768553804
 0.4275251791570859, 0.4454545454545454, 10.978640299154753, 0.2994191545461231
 0.4275251791570859, 0.44044943820224725, 10.853778883451254, 0.2995073347105417
 0.4275251791570859, 0.43555555555555553, 10.731742594690267, 0.2995815351026263
 0.4275251791570859, 0.4307692307692308, 10.61243605852877, 0.29964775597828125
 0.4275251791570859, 0.4260869565217391, 10.495768170772996, 0.299715660242758
 0.4275251791570859, 0.421505376344086, 10.381651859681224, 0.2997949262802933
 0.4275251791570859, 0.41702127659574467, 10.270003864057921, 0.29985052776865107
 0.4275251791570859, 0.4126315789473684, 10.160744525922071, 0.29992035773843484
 0.4275251791570859, 0.4083333333333333, 10.053797596639106, 0.2999600057201716
 0.4275251791570859, 0.4041237113402062, 9.949090055502005, 0.30000919465966586
 0.4275251791570859, 0.4, 9.846551939834079, 0.3000395223029568
