 0.2170602220836629, 0.8, 10.0, 0.3025258879528019
 0.2170602220836629, 0.784, 9.798006528153513, 0.3026300446291802
 0.2170602220836629, 0.7686274509803922, 9.604050171837292, 0.30276169916942225
 0.2170602220836629, 0.7538461538461539, 9.417658416993296, 0.3028720261684264
 0.2170602220836629, 0.739622641509434, 9.238395240840497, 0.30302747291569054
 0.2170602220836629, 0.7259259259259259, 9.06585764090149, 0.30317750220844863
 0.2170602220836629, 0.7127272727272727, 8.899672554443574, 0.30332294001564736
 0.2170602220836629, 0.7, 8.739494117841588, 0.30343652543863814
 0.2170602220836629, 0.6877192982456141, 8.585001222725978, 0.3035386481281153
 0.2170602220836629, 0.6758620689655173, 8.435895331947279, 0.3036348093322694
 0.2170602220836629, 0.664406779661017, 8.291898523577625, 0.3037210225847632
 0.2170602220836629, 0.6533333333333333, 8.152751735551202, 0.3038052682378882
 0.2170602220836629, 0.6426229508196721, 8.018213187256704, 0.3038792315670938
 0.2170602220836629, 0.632258064516129, 7.88805695754783, 0.30394731209832776
 0.2170602220836629, 0.6222222222222222, 7.762071701325296, 0.3040101438912323
 0.2170602220836629, 0.6124999999999999, 7.640059489140416, 0.3040696680944007
 0.2170602220836629, 0.6030769230769231, 7.521834756238996, 0.3041214291971872
 0.2170602220836629, 0.593939393939394, 7.407223349155971, 0.30416764561289816
 0.2170602220836629, 0.5850746268656717, 7.296061659428915, 0.30421028498050634
 0.2170602220836629, 0.5764705882352942, 7.188195835257705, 0.30424759045595134
 0.2170602220836629, 0.5681159420289855, 7.083481063027822, 0.30427971515983215
 0.2170602220836629, 0.56, 6.981780911561047, 0.3043070310236889
 0.2170602220836629, 0.552112676056338, 6.882966732780441, 0.3043315479590085
 0.2170602220836629, 0.5444444444444444, 6.786917113194022, 0.3043523244091657
 0.2170602220836629, 0.536986301369863, 6.693517371228444, 0.30437055445984634
 0.2170602220836629, 0.5297297297297298, 6.602659095992853, 0.30438499962951676
 0.2170602220836629, 0.5226666666666667, 6.514239723534344, 0.3043959259036827
 0.2170602220836629, 0.5157894736842105, 6.428162147069652, 0.30440226130785475
 0.2170602220836629, 0.509090909090909, 6.3443343580501015, 0.3044054966229462
 0.2170602220836629, 0.5025641025641026, 6.262669115245526, 0.3044058123466362
 0.2170602220836629, 0.4962025316455696, 6.1830836393232005, 0.30440400005966417
 0.2170602220836629, 0.49, 6.105499330654852, 0.3044000439282633
 0.2170602220836629, 0.4839506172839506, 6.029841508312739, 0.3043942530854609
 0.2170602220836629, 0.47804878048780486, 5.956039168418179, 0.30438540022963756
 0.2170602220836629, 0.47228915662650606, 5.884024760185935, 0.30437340464595114
 0.2170602220836629, 0.4666666666666667, 5.813733978168244, 0.3043584457018828
 0.2170602220836629, 0.4611764705882353, 5.745105569345401, 0.3043400139284303
 0.2170602220836629, 0.4558139534883721, 5.678081153837623, 0.30432061713992986
 0.2170602220836629, 0.4505747126436782, 5.612605058127373, 0.3042990864621168
 0.2170602220836629, 0.4454545454545454, 5.5486241597837695, 0.30427597349124674
 0.2170602220836629, 0.44044943820224725, 5.486087742772728, 0.3042551451766076
 0.2170602220836629, 0.43555555555555553, 5.424947362519055, 0.3042319430174631
 0.2170602220836629, 0.4307692307692308, 5.365156719961124, 0.3041950945969778
 0.2170602220836629, 0.4260869565217391, 5.306671543905553, 0.30415776240184644
 0.2170602220836629, 0.421505376344086, 5.249449481049872, 0.30412649544978626
 0.2170602220836629, 0.41702127659574467, 5.19344999309547, 0.30410467897757226
 0.2170602220836629, 0.4126315789473684, 5.138634260422533, 0.30407181439569286
 0.2170602220836629, 0.4083333333333333, 5.08496509184317, 0.3040306290995141
 0.2170602220836629, 0.4041237113402062, 5.032406839989342, 0.30399959701077856
 0.2170602220836629, 0.4, 4.980925321928872, 0.3039052348447813
