 1.1746157759823854, 0.8, 70.0, 0.011680395155773106
 1.1746157759823854, 0.784, 67.05783140972835, 0.029413572696847655
 1.1746157759823854, 0.7686274509803922, 64.53417775149677, 0.04727476111177921
 1.1746157759823854, 0.7538461538461539, 62.31059707934406, 0.06397714979910149
 1.1746157759823854, 0.739622641509434, 60.31629899672389, 0.07939411055372256
 1.1746157759823854, 0.7259259259259259, 58.50481213939229, 0.09341945557632059
 1.1746157759823854, 0.7127272727272727, 56.843594941553754, 0.10605498264605806
 1.1746157759823854, 0.7, 55.30875739675561, 0.11758655013930663
 1.1746157759823854, 0.6877192982456141, 53.88211612099151, 0.12799689443891113
 1.1746157759823854, 0.6758620689655173, 52.54943143507829, 0.1375081239222515
 1.1746157759823854, 0.664406779661017, 51.29929235382265, 0.1461847273717524
 1.1746157759823854, 0.6533333333333333, 50.122379445158494, 0.15413396725680983
 1.1746157759823854, 0.6426229508196721, 49.010959419193355, 0.1614273176393259
 1.1746157759823854, 0.632258064516129, 47.958527855818005, 0.16815699184944788
 1.1746157759823854, 0.6222222222222222, 46.9595500055931, 0.17436589499686853
 1.1746157759823854, 0.6124999999999999, 46.00926848902442, 0.18013390747422287
 1.1746157759823854, 0.6030769230769231, 45.103557823882895, 0.18548597816197973
 1.1746157759823854, 0.593939393939394, 44.23881248012816, 0.19047568979913218
 1.1746157759823854, 0.5850746268656717, 43.41185942214757, 0.19512818067766807
 1.1746157759823854, 0.5764705882352942, 42.619888854495166, 0.19947374990242545
 1.1746157759823854, 0.5681159420289855, 41.860398715356425, 0.20354372903968365
 1.1746157759823854, 0.56, 41.131149701242414, 0.20735705666866325
 1.1746157759823854, 0.552112676056338, 40.430128463310105, 0.21094310187206858
 1.1746157759823854, 0.5444444444444444, 39.75551721886283, 0.21431648300363515
 1.1746157759823854, 0.536986301369863, 39.10566845306894, 0.21749452219529805
 1.1746157759823854, 0.5297297297297298, 38.479083699202135, 0.2204934598574203
 1.1746157759823854, 0.5226666666666667, 37.87439561623927, 0.22332490439155686
 1.1746157759823854, 0.5157894736842105, 37.29035275442276, 0.22600451498632984
 1.1746157759823854, 0.509090909090909, 36.72580652885898, 0.22854252154710167
 1.1746157759823854, 0.5025641025641026, 36.179700019842116, 0.2309478500199081
 1.1746157759823854, 0.4962025316455696, 35.651058294458764, 0.23323055843496682
 1.1746157759823854, 0.49, 35.138980002927255, 0.2353980269279967
 1.1746157759823854, 0.4839506172839506, 34.64263004924646, 0.23745810415409474
 1.1746157759823854, 0.47804878048780486, 34.161233172132036, 0.23942163697865926
 1.1746157759823854, 0.47228915662650606, 33.69406830116886, 0.2412911057301648
 1.1746157759823854, 0.4666666666666667, 33.24046357629389, 0.24307149630285813
 1.1746157759823854, 0.4611764705882353, 32.79979193741594, 0.24476848560023642
 1.1746157759823854, 0.4558139534883721, 32.37146720614281, 0.24638588935797395
 1.1746157759823854, 0.4505747126436782, 31.954940593960732, 0.2479393703711034
 1.1746157759823854, 0.4454545454545454, 31.549697581364857, 0.2494225244672653
 1.1746157759823854, 0.44044943820224725, 31.155255120816925, 0.2508361838130618
 1.1746157759823854, 0.43555555555555553, 30.771159123350074, 0.2521883087529819
 1.1746157759823854, 0.4307692307692308, 30.396982194426784, 0.2534926762089693
 1.1746157759823854, 0.4260869565217391, 30.032321589495837, 0.25475386090356644
 1.1746157759823854, 0.421505376344086, 29.67679736376329, 0.2559593847260232
 1.1746157759823854, 0.41702127659574467, 29.33005069412437, 0.25706710974467173
 1.1746157759823854, 0.4126315789473684, 28.991742354111988, 0.2581255937796219
 1.1746157759823854, 0.4083333333333333, 28.66155132518973, 0.2591579511373654
 1.1746157759823854, 0.4041237113402062, 28.339173529827534, 0.26019007315987835
 1.1746157759823854, 0.4, 28.024320673604695, 0.2612365847054373
