 1.23100969126526, 0.8, 79.99999999999994, 0.0277365068987951
 1.23100969126526, 0.784, 74.82079670263325, 0.0010747447322455187
 1.23100969126526, 0.7686274509803922, 71.11813585396203, 0.006427760961012144
 1.23100969126526, 0.7538461538461539, 68.12392493650243, 0.022205552789976504
 1.23100969126526, 0.739622641509434, 65.57213417097068, 0.03946088639205844
 1.23100969126526, 0.7259259259259259, 63.331955818023665, 0.05626635574863748
 1.23100969126526, 0.7127272727272727, 61.32721657609733, 0.0717803072753163
 1.23100969126526, 0.7, 59.508764013939604, 0.08574604483777665
 1.23100969126526, 0.6877192982456141, 57.84259890532987, 0.09856258357757967
 1.23100969126526, 0.6758620689655173, 56.30398980710504, 0.11016218335840917
 1.23100969126526, 0.664406779661017, 54.87424701948212, 0.12071371435687551
 1.23100969126526, 0.6533333333333333, 53.53881754577338, 0.1303852876378011
 1.23100969126526, 0.6426229508196721, 52.2860932123638, 0.13922143616470165
 1.23100969126526, 0.632258064516129, 51.10662968356778, 0.1473568953937483
 1.23100969126526, 0.6222222222222222, 49.992614952243095, 0.15485260172373888
 1.23100969126526, 0.6124999999999999, 48.937495982303304, 0.16177790980529785
 1.23100969126526, 0.6030769230769231, 47.93570930843333, 0.1681865850589883
 1.23100969126526, 0.593939393939394, 46.98248211140486, 0.1741255101861434
 1.23100969126526, 0.5850746268656717, 46.07368235996428, 0.17963958134286526
 1.23100969126526, 0.5764705882352942, 45.205703916101704, 0.18476925075361395
 1.23100969126526, 0.5681159420289855, 44.37537706820699, 0.18956441648589303
 1.23100969126526, 0.56, 43.57989789517631, 0.1940464106821937
 1.23100969126526, 0.552112676056338, 42.81677180338089, 0.1982575029464878
 1.23100969126526, 0.5444444444444444, 42.083767886770914, 0.2022051242627978
 1.23100969126526, 0.536986301369863, 41.378881661291835, 0.20591548879339214
 1.23100969126526, 0.5297297297297298, 40.70030435652892, 0.20940825869649757
 1.23100969126526, 0.5226666666666667, 40.046397397863686, 0.2126976913667585
 1.23100969126526, 0.5157894736842105, 39.41567103836258, 0.2158118078199101
 1.23100969126526, 0.509090909090909, 38.806766338771496, 0.21875544362385343
 1.23100969126526, 0.5025641025641026, 38.218439871701385, 0.22154081831151307
 1.23100969126526, 0.4962025316455696, 37.64955065969264, 0.2241784804952063
 1.23100969126526, 0.49, 37.099048958377544, 0.22667420654443524
 1.23100969126526, 0.4839506172839506, 36.56596657389412, 0.2290507428258
 1.23100969126526, 0.47804878048780486, 36.049408464086156, 0.23131354950435642
 1.23100969126526, 0.47228915662650606, 35.54854542021205, 0.23346313753023426
 1.23100969126526, 0.4666666666666667, 35.062607663064846, 0.23550811113168796
 1.23100969126526, 0.4611764705882353, 34.59087921692149, 0.2374470737519417
 1.23100969126526, 0.4558139534883721, 34.13269294834013, 0.23930535646398884
 1.23100969126526, 0.4505747126436782, 33.6874261758209, 0.24109025712867116
 1.23100969126526, 0.4454545454545454, 33.25449677173539, 0.24278767761566916
 1.23100969126526, 0.44044943820224725, 32.83335969046958, 0.24440555769288688
 1.23100969126526, 0.43555555555555553, 32.42350386700291, 0.2459364568646718
 1.23100969126526, 0.4307692307692308, 32.0244494386133, 0.2474163278295994
 1.23100969126526, 0.4260869565217391, 31.63574524940934, 0.24886741865994289
 1.23100969126526, 0.421505376344086, 31.2569666032255, 0.25022494319980015
 1.23100969126526, 0.41702127659574467, 30.887713235292672, 0.2514912123100871
 1.23100969126526, 0.4126315789473684, 30.527607477190394, 0.2526719765075237
 1.23100969126526, 0.4083333333333333, 30.176292593038497, 0.25386507784265283
 1.23100969126526, 0.4041237113402062, 29.83343126780691, 0.25527105178472487
 1.23100969126526, 0.4, 29.498704231103652, 0.2563709755543066
