 0.3235238063781509, 0.8, 14.999999999999998, 0.2956571119037389
 0.3235238063781509, 0.784, 14.693171512000124, 0.29605054238394646
 0.3235238063781509, 0.7686274509803922, 14.398780921441814, 0.29644481592374494
 0.3235238063781509, 0.7538461538461539, 14.116078899389818, 0.29683817684031394
 0.3235238063781509, 0.739622641509434, 13.844375746673084, 0.2972414912193892
 0.3235238063781509, 0.7259259259259259, 13.583035518835887, 0.29760988470815214
 0.3235238063781509, 0.7127272727272727, 13.331470838933798, 0.29794911244198985
 0.3235238063781509, 0.7, 13.089138305160036, 0.298252861847142
 0.3235238063781509, 0.6877192982456141, 12.855534414514684, 0.29855006456531563
 0.3235238063781509, 0.6758620689655173, 12.630191935533823, 0.29882401971890793
 0.3235238063781509, 0.664406779661017, 12.412676672931594, 0.29908042612237623
 0.3235238063781509, 0.6533333333333333, 12.202584575236058, 0.2993217572422436
 0.3235238063781509, 0.6426229508196721, 11.999539143408532, 0.29954586809349065
 0.3235238063781509, 0.632258064516129, 11.803189104258525, 0.29975790481046083
 0.3235238063781509, 0.6222222222222222, 11.613206317390016, 0.299957351590322
 0.3235238063781509, 0.6124999999999999, 11.429283888592414, 0.30014549026519294
 0.3235238063781509, 0.6030769230769231, 11.25113446614539, 0.3003201168359949
 0.3235238063781509, 0.593939393939394, 11.078488699542484, 0.300485413448502
 0.3235238063781509, 0.5850746268656717, 10.91109384273803, 0.30063978338883063
 0.3235238063781509, 0.5764705882352942, 10.748712486253877, 0.3007835191010942
 0.3235238063781509, 0.5681159420289855, 10.591121404404543, 0.3009178033579705
 0.3235238063781509, 0.56, 10.438110505558328, 0.3010435876069396
 0.3235238063781509, 0.552112676056338, 10.289481874787974, 0.3011616622764831
 0.3235238063781509, 0.5444444444444444, 10.145048899510067, 0.30127242518266795
 0.3235238063781509, 0.536986301369863, 10.004635469795673, 0.3013766917509358
 0.3235238063781509, 0.5297297297297298, 9.868075245978739, 0.30147282863931213
 0.3235238063781509, 0.5226666666666667, 9.735210987013529, 0.3015620379141665
 0.3235238063781509, 0.5157894736842105, 9.60589393375409, 0.30164393399040107
 0.3235238063781509, 0.509090909090909, 9.479983241961918, 0.3017199670565116
 0.3235238063781509, 0.5025641025641026, 9.3573454604044, 0.30179030019067676
 0.3235238063781509, 0.4962025316455696, 9.237854049896542, 0.301856477839151
 0.3235238063781509, 0.49, 9.121388939570695, 0.30191710320247994
 0.3235238063781509, 0.4839506172839506, 9.00783611704105, 0.30197331037686387
 0.3235238063781509, 0.47804878048780486, 8.897087249467761, 0.30202368511611927
 0.3235238063781509, 0.47228915662650606, 8.789039332825531, 0.30206861970310267
 0.3235238063781509, 0.4666666666666667, 8.683594366947904, 0.30210838319573535
 0.3235238063781509, 0.4611764705882353, 8.5806590541555, 0.30214468639558656
 0.3235238063781509, 0.4558139534883721, 8.480144519487721, 0.30217705321512384
 0.3235238063781509, 0.4505747126436782, 8.381966050745921, 0.3022067316366176
 0.3235238063781509, 0.4454545454545454, 8.286042856724524, 0.30223264391439975
 0.3235238063781509, 0.44044943820224725, 8.192297842157469, 0.30225854438200667
 0.3235238063781509, 0.43555555555555553, 8.100657398042404, 0.302276327392233
 0.3235238063781509, 0.4307692307692308, 8.011051206126568, 0.3022802849300401
 0.3235238063781509, 0.4260869565217391, 7.923412056447124, 0.30228606898173016
 0.3235238063781509, 0.421505376344086, 7.837675676917115, 0.30230237473171373
 0.3235238063781509, 0.41702127659574467, 7.753780574036344, 0.30231205604531675
 0.3235238063781509, 0.4126315789473684, 7.671667883886533, 0.3023231754761415
 0.3235238063781509, 0.4083333333333333, 7.591281232641979, 0.3023131955388817
 0.3235238063781509, 0.4041237113402062, 7.512566605892175, 0.3023182425080514
 0.3235238063781509, 0.4, 7.435472226131853, 0.30226874638216006
