 0.5282728271758743, 0.8, 25.0, 0.27313644687481836
 0.5282728271758743, 0.784, 24.46679999189225, 0.2745245295967454
 0.5282728271758743, 0.7686274509803922, 23.95662859236144, 0.2758552911957205
 0.5282728271758743, 0.7538461538461539, 23.46797596156662, 0.2771288497008914
 0.5282728271758743, 0.739622641509434, 22.99946566139384, 0.27833456402100054
 0.5282728271758743, 0.7259259259259259, 22.54983979533518, 0.2794831412856369
 0.5282728271758743, 0.7127272727272727, 22.117946146436154, 0.28055588854960617
 0.5282728271758743, 0.7, 21.70272699899909, 0.28156750348860515
 0.5282728271758743, 0.6877192982456141, 21.303209386217617, 0.28250065916539824
 0.5282728271758743, 0.6758620689655173, 20.91849655102253, 0.2833752556684054
 0.5282728271758743, 0.664406779661017, 20.54776044367494, 0.28419649502503436
 0.5282728271758743, 0.6533333333333333, 20.19023510896709, 0.28496933306797617
 0.5282728271758743, 0.6426229508196721, 19.84521083974841, 0.2857034049965655
 0.5282728271758743, 0.632258064516129, 19.51202899301187, 0.286396751622519
 0.5282728271758743, 0.6222222222222222, 19.190077380825585, 0.28705326084545413
 0.5282728271758743, 0.6124999999999999, 18.878786161658894, 0.2876732935215965
 0.5282728271758743, 0.6030769230769231, 18.577624168665142, 0.2882610767309941
 0.5282728271758743, 0.593939393939394, 18.28609562066815, 0.28881571394745986
 0.5282728271758743, 0.5850746268656717, 18.003737169291743, 0.2893397750255871
 0.5282728271758743, 0.5764705882352942, 17.730115242139682, 0.2898370853685359
 0.5282728271758743, 0.5681159420289855, 17.46482364739322, 0.2903084494605431
 0.5282728271758743, 0.56, 17.207481409818527, 0.2907558576154272
 0.5282728271758743, 0.552112676056338, 16.957730812108316, 0.29118020901467
 0.5282728271758743, 0.5444444444444444, 16.715235618835717, 0.29158386662414354
 0.5282728271758743, 0.536986301369863, 16.479679463167955, 0.29196653456033905
 0.5282728271758743, 0.5297297297297298, 16.250764378950514, 0.2923301772748496
 0.5282728271758743, 0.5226666666666667, 16.028209462892256, 0.2926751688753644
 0.5282728271758743, 0.5157894736842105, 15.811749653412038, 0.2930034628697477
 0.5282728271758743, 0.509090909090909, 15.60113461429131, 0.2933157167467544
 0.5282728271758743, 0.5025641025641026, 15.396127712651408, 0.2936125862960548
 0.5282728271758743, 0.4962025316455696, 15.196505081970068, 0.29389459870906587
 0.5282728271758743, 0.49, 15.002054761894165, 0.29416230369452206
 0.5282728271758743, 0.4839506172839506, 14.81257590751694, 0.29441646658134624
 0.5282728271758743, 0.47804878048780486, 14.627878061586326, 0.2946576292157408
 0.5282728271758743, 0.47228915662650606, 14.44778048381156, 0.29488765862088745
 0.5282728271758743, 0.4666666666666667, 14.272111532051735, 0.2951067834094827
 0.5282728271758743, 0.4611764705882353, 14.100708090713411, 0.2953173339474332
 0.5282728271758743, 0.4558139534883721, 13.933415042164041, 0.29551511209004494
 0.5282728271758743, 0.4505747126436782, 13.770084777392734, 0.29570380236208377
 0.5282728271758743, 0.4454545454545454, 13.610576742526133, 0.2958827323669594
 0.5282728271758743, 0.44044943820224725, 13.454757018141454, 0.29604941688796604
 0.5282728271758743, 0.43555555555555553, 13.30249792861589, 0.29620057221322255
 0.5282728271758743, 0.4307692307692308, 13.153677679016674, 0.2963526452017365
 0.5282728271758743, 0.4260869565217391, 13.008180017272103, 0.29649905181005437
 0.5282728271758743, 0.421505376344086, 12.865893919575512, 0.2966465766181718
 0.5282728271758743, 0.41702127659574467, 12.726713297162874, 0.29676944949715944
 0.5282728271758743, 0.4126315789473684, 12.590536722774571, 0.2969048113974945
 0.5282728271758743, 0.4083333333333333, 12.457267175263851, 0.29701680254088614
 0.5282728271758743, 0.4041237113402062, 12.326811800951434, 0.29712301816572045
 0.5282728271758743, 0.4, 12.199081690448809, 0.2972522233137623
