 0.6249999999999999, 0.8, 29.999999999999993, 0.2568920041114287
 0.6249999999999999, 0.784, 29.34058157502373, 0.2590891195912567
 0.6249999999999999, 0.7686274509803922, 28.711017527148794, 0.26123465119456196
 0.6249999999999999, 0.7538461538461539, 28.10922128260952, 0.26324363788843813
 0.6249999999999999, 0.739622641509434, 27.53330580109674, 0.26513802185111995
 0.6249999999999999, 0.7259259259259259, 26.98155921981659, 0.26687358924960497
 0.6249999999999999, 0.7127272727272727, 26.452424118557172, 0.26848930465159393
 0.6249999999999999, 0.7, 25.944479772370002, 0.2699917274907397
 0.6249999999999999, 0.6877192982456141, 25.45642688540588, 0.2713965467374931
 0.6249999999999999, 0.6758620689655173, 24.98707439783817, 0.2727167874897784
 0.6249999999999999, 0.664406779661017, 24.53532803474182, 0.273956954437083
 0.6249999999999999, 0.6533333333333333, 24.10018032643974, 0.27513306458065445
 0.6249999999999999, 0.6426229508196721, 23.680701877992792, 0.2762402016974535
 0.6249999999999999, 0.632258064516129, 23.276033704033082, 0.2772835563292416
 0.6249999999999999, 0.6222222222222222, 22.885380476158563, 0.2782694401746438
 0.6249999999999999, 0.6124999999999999, 22.508004555237044, 0.2792024130871689
 0.6249999999999999, 0.6030769230769231, 22.14322070144805, 0.280083991930124
 0.6249999999999999, 0.593939393939394, 21.79039137167391, 0.28091587406454077
 0.6249999999999999, 0.5850746268656717, 21.448922527676533, 0.28170588944839126
 0.6249999999999999, 0.5764705882352942, 21.118259889941786, 0.28245502742742234
 0.6249999999999999, 0.5681159420289855, 20.797885581592283, 0.283165184012347
 0.6249999999999999, 0.56, 20.487315114722662, 0.28383877873347707
 0.6249999999999999, 0.552112676056338, 20.186094678183196, 0.2844796429051756
 0.6249999999999999, 0.5444444444444444, 19.89379869145801, 0.28508868326178793
 0.6249999999999999, 0.536986301369863, 19.610027594036424, 0.2856671552153878
 0.6249999999999999, 0.5297297297297298, 19.33440584370919, 0.2862180508406867
 0.6249999999999999, 0.5226666666666667, 19.066580100655866, 0.2867420628209344
 0.6249999999999999, 0.5157894736842105, 18.806217577124535, 0.2872412452776196
 0.6249999999999999, 0.509090909090909, 18.553004535020655, 0.2877165212544871
 0.6249999999999999, 0.5025641025641026, 18.306644915884704, 0.2881695482396973
 0.6249999999999999, 0.4962025316455696, 18.066859089603533, 0.28860021273388126
 0.6249999999999999, 0.49, 17.833382709813034, 0.28901169598778614
 0.6249999999999999, 0.4839506172839506, 17.605965665348197, 0.28940345672712636
 0.6249999999999999, 0.47804878048780486, 17.38437111831227, 0.2897771214281621
 0.6249999999999999, 0.47228915662650606, 17.168374620396104, 0.2901344466686474
 0.6249999999999999, 0.4666666666666667, 16.957763300004142, 0.2904763594272828
 0.6249999999999999, 0.4611764705882353, 16.752335113553887, 0.29080121034514955
 0.6249999999999999, 0.4558139534883721, 16.551898155026578, 0.29111143032255865
 0.6249999999999999, 0.4505747126436782, 16.35627001847215, 0.2914071252863827
 0.6249999999999999, 0.4454545454545454, 16.165277208722518, 0.29168903667103113
 0.6249999999999999, 0.44044943820224725, 15.978754596053776, 0.2919556479927838
 0.6249999999999999, 0.43555555555555553, 15.796544910968182, 0.2922103892839964
 0.6249999999999999, 0.4307692307692308, 15.618498275648548, 0.29246204432635736
 0.6249999999999999, 0.4260869565217391, 15.44447176897603, 0.2926966285868385
 0.6249999999999999, 0.421505376344086, 15.274329022304034, 0.29291387531100693
 0.6249999999999999, 0.41702127659574467, 15.107939843449019, 0.293128444588355
 0.6249999999999999, 0.4126315789473684, 14.94517986659885, 0.29333288836816945
 0.6249999999999999, 0.4083333333333333, 14.78593022605342, 0.2935335545105034
 0.6249999999999999, 0.4041237113402062, 14.630077251904048, 0.29372170330026287
 0.6249999999999999, 0.4, 14.477512185929921, 0.2939348785255446
