 0.8838834764831843, 0.8, 44.99999999999999, 0.18664863087742442
 0.8838834764831843, 0.784, 43.865246854678944, 0.19327706617878793
 0.8838834764831843, 0.7686274509803922, 42.79498686880298, 0.19925166377117656
 0.8838834764831843, 0.7538461538461539, 41.78306957363623, 0.20471072907345833
 0.8838834764831843, 0.739622641509434, 40.82419653278361, 0.20968788158270363
 0.8838834764831843, 0.7259259259259259, 39.913765803587594, 0.2142829071971228
 0.8838834764831843, 0.7127272727272727, 39.047751315763335, 0.21854706934125567
 0.8838834764831843, 0.7, 38.2226079814105, 0.22249358555032783
 0.8838834764831843, 0.6877192982456141, 37.435196089128915, 0.22616987278344686
 0.8838834764831843, 0.6758620689655173, 36.682720369951866, 0.2295924884187223
 0.8838834764831843, 0.664406779661017, 35.962680378531154, 0.23278461490183075
 0.8838834764831843, 0.6533333333333333, 35.272829708778914, 0.23576924189674633
 0.8838834764831843, 0.6426229508196721, 34.61114218453038, 0.23855645560211586
 0.8838834764831843, 0.632258064516129, 33.975783613579615, 0.24116947492926533
 0.8838834764831843, 0.6222222222222222, 33.36508802077569, 0.24362197711775638
 0.8838834764831843, 0.6124999999999999, 32.77753751829758, 0.2459258948459694
 0.8838834764831843, 0.6030769230769231, 32.21174515294742, 0.24809537076237725
 0.8838834764831843, 0.593939393939394, 31.666440208036935, 0.25013916286256177
 0.8838834764831843, 0.5850746268656717, 31.14045554291693, 0.25206856765854024
 0.8838834764831843, 0.5764705882352942, 30.6327166347442, 0.25389202761553614
 0.8838834764831843, 0.5681159420289855, 30.142232050688204, 0.2556162269647237
 0.8838834764831843, 0.56, 29.66808512880701, 0.2572483024647484
 0.8838834764831843, 0.552112676056338, 29.20942668547734, 0.2587957585245548
 0.8838834764831843, 0.5444444444444444, 28.765468598924116, 0.26026329284718835
 0.8838834764831843, 0.536986301369863, 28.33547814384704, 0.26165529432780366
 0.8838834764831843, 0.5297297297297298, 27.91877297273401, 0.2629785823367346
 0.8838834764831843, 0.5226666666666667, 27.514716656212954, 0.2642359492162397
 0.8838834764831843, 0.5157894736842105, 27.12271470851516, 0.2654328166834757
 0.8838834764831843, 0.509090909090909, 26.742211035417114, 0.26657340298638943
 0.8838834764831843, 0.5025641025641026, 26.372684751370738, 0.2676599088313922
 0.8838834764831843, 0.4962025316455696, 26.013647320299032, 0.2686952633440943
 0.8838834764831843, 0.49, 25.66463998102006, 0.269683085361171
 0.8838834764831843, 0.4839506172839506, 25.32523142370283, 0.2706261960466937
 0.8838834764831843, 0.47804878048780486, 24.99501568834094, 0.27152645602648684
 0.8838834764831843, 0.47228915662650606, 24.673610260104642, 0.27238817840008056
 0.8838834764831843, 0.4666666666666667, 24.360654339720863, 0.27321125641942257
 0.8838834764831843, 0.4611764705882353, 24.055807269832574, 0.27400013750971614
 0.8838834764831843, 0.4558139534883721, 23.75874710068368, 0.27475306798080623
 0.8838834764831843, 0.4505747126436782, 23.46916928052956, 0.27547427580281486
 0.8838834764831843, 0.4454545454545454, 23.18678545794031, 0.2761658225410257
 0.8838834764831843, 0.44044943820224725, 22.911322384688706, 0.2768265277497582
 0.8838834764831843, 0.43555555555555553, 22.64252090923418, 0.2774523110723951
 0.8838834764831843, 0.4307692307692308, 22.380135051959574, 0.27806142285402036
 0.8838834764831843, 0.4260869565217391, 22.123931154313652, 0.2786535114350262
 0.8838834764831843, 0.421505376344086, 21.873687094881706, 0.27923075154484783
 0.8838834764831843, 0.41702127659574467, 21.629191566166806, 0.27975986791413493
 0.8838834764831843, 0.4126315789473684, 21.390243406530644, 0.28026737667030344
 0.8838834764831843, 0.4083333333333333, 21.156650982328358, 0.2807484731293116
 0.8838834764831843, 0.4041237113402062, 20.928231615787418, 0.2812109895541957
 0.8838834764831843, 0.4, 20.704811054635428, 0.28167815337079843
