 1.0239400553612397, 0.8, 54.99999999999999, 0.12025979254845841
 1.0239400553612397, 0.784, 53.39534223243568, 0.13183071635433996
 1.0239400553612397, 0.7686274509803922, 51.90867481651075, 0.14226117044365322
 1.0239400553612397, 0.7538461538461539, 50.524208813748004, 0.15171575663803377
 1.0239400553612397, 0.739622641509434, 49.22931269112476, 0.16025450540451402
 1.0239400553612397, 0.7259259259259259, 48.013685667151286, 0.16806951826610295
 1.0239400553612397, 0.7127272727272727, 46.86879216202182, 0.17520824363131157
 1.0239400553612397, 0.7, 45.787462696319906, 0.1817585609023374
 1.0239400553612397, 0.6877192982456141, 44.7636047370949, 0.18778275047485085
 1.0239400553612397, 0.6758620689655173, 43.79198840588911, 0.19334214669408759
 1.0239400553612397, 0.664406779661017, 42.868084512177944, 0.19847930908262398
 1.0239400553612397, 0.6533333333333333, 41.98794000564178, 0.20323805055677036
 1.0239400553612397, 0.6426229508196721, 41.148080731197126, 0.20766048016064478
 1.0239400553612397, 0.632258064516129, 40.345434464399176, 0.21177207270201712
 1.0239400553612397, 0.6222222222222222, 39.57726925315509, 0.215610764826217
 1.0239400553612397, 0.6124999999999999, 38.841143478370526, 0.2191983470407626
 1.0239400553612397, 0.6030769230769231, 38.13486500383326, 0.22255765756401438
 1.0239400553612397, 0.593939393939394, 37.45645745905701, 0.22570947966088992
 1.0239400553612397, 0.5850746268656717, 36.80413218014341, 0.22866831092444784
 1.0239400553612397, 0.5764705882352942, 36.176264682924305, 0.23145422899974236
 1.0239400553612397, 0.5681159420289855, 35.57137479946729, 0.23407841821825187
 1.0239400553612397, 0.56, 34.98810980028866, 0.23655291282928795
 1.0239400553612397, 0.552112676056338, 34.42522996870841, 0.23889111922900985
 1.0239400553612397, 0.5444444444444444, 33.881596203503065, 0.24110099119881534
 1.0239400553612397, 0.536986301369863, 33.35615931039313, 0.24319311332864227
 1.0239400553612397, 0.5297297297297298, 32.847950708397136, 0.2451766690729088
 1.0239400553612397, 0.5226666666666667, 32.3560743283589, 0.2470574417963182
 1.0239400553612397, 0.5157894736842105, 31.87969952142079, 0.24884270642353676
 1.0239400553612397, 0.509090909090909, 31.41805482739263, 0.25053981725211066
 1.0239400553612397, 0.5025641025641026, 30.97042247873359, 0.25215311090879444
 1.0239400553612397, 0.4962025316455696, 30.536133536635912, 0.2536898077676575
 1.0239400553612397, 0.49, 30.114563572550164, 0.25515305978361796
 1.0239400553612397, 0.4839506172839506, 29.70512882224086, 0.2565465806823795
 1.0239400553612397, 0.47804878048780486, 29.307282750744406, 0.25787798213882546
 1.0239400553612397, 0.47228915662650606, 28.920512975908146, 0.259147897502535
 1.0239400553612397, 0.4666666666666667, 28.544338505905493, 0.26036076809126213
 1.0239400553612397, 0.4611764705882353, 28.178307252549438, 0.2615197249646611
 1.0239400553612397, 0.4558139534883721, 27.821993787605123, 0.26262937729052876
 1.0239400553612397, 0.4505747126436782, 27.474997313821564, 0.2636903827731616
 1.0239400553612397, 0.4454545454545454, 27.13693982621647, 0.26470552176483086
 1.0239400553612397, 0.44044943820224725, 26.80746444237855, 0.2656773379611391
 1.0239400553612397, 0.43555555555555553, 26.486233883298294, 0.26661478619116996
 1.0239400553612397, 0.4307692307692308, 26.172929088582443, 0.26750765356280315
 1.0239400553612397, 0.4260869565217391, 25.867247951913267, 0.26836065702582973
 1.0239400553612397, 0.421505376344086, 25.56890416433822, 0.26917385797829047
 1.0239400553612397, 0.41702127659574467, 25.277626154460066, 0.26996773172480604
 1.0239400553612397, 0.4126315789473684, 24.993156115881433, 0.2707345825650101
 1.0239400553612397, 0.4083333333333333, 24.715249113370163, 0.27146915169848457
 1.0239400553612397, 0.4041237113402062, 24.443672260178424, 0.2721914893938953
 1.0239400553612397, 0.4, 24.178203959791162, 0.2728325256986446
