 0.9575555538987225, 0.8, 50.0, 0.15523350219733464
 0.9575555538987225, 0.784, 48.6530933185261, 0.1641143471275409
 0.9575555538987225, 0.7686274509803922, 47.39207738436693, 0.17209299851174195
 0.9575555538987225, 0.7538461538461539, 46.207396358038395, 0.1793503491313417
 0.9575555538987225, 0.739622641509434, 45.091066324150106, 0.18600095700518904
 0.9575555538987225, 0.7259259259259259, 44.036334278275795, 0.19209304583985054
 0.9575555538987225, 0.7127272727272727, 43.037427456538545, 0.1976820448542662
 0.9575555538987225, 0.7, 42.089365210987516, 0.2028368033458674
 0.9575555538987225, 0.6877192982456141, 41.18781524255363, 0.20760027630429037
 0.9575555538987225, 0.6758620689655173, 40.32898196453324, 0.21201124605792973
 0.9575555538987225, 0.664406779661017, 39.50951857909891, 0.21611119991821798
 0.9575555538987225, 0.6533333333333333, 38.726456948394606, 0.21992220783578348
 0.9575555538987225, 0.6426229508196721, 37.97715101972185, 0.22347740778777955
 0.9575555538987225, 0.632258064516129, 37.25923071465613, 0.22679994656377936
 0.9575555538987225, 0.6222222222222222, 36.57056399547784, 0.22990616669420325
 0.9575555538987225, 0.6124999999999999, 35.909225393217994, 0.23281876447733002
 0.9575555538987225, 0.6030769230769231, 35.273469693564564, 0.23555292396974992
 0.9575555538987225, 0.593939393939394, 34.6617097783444, 0.23812516251530394
 0.9575555538987225, 0.5850746268656717, 34.07249784378941, 0.24054826592911668
 0.9575555538987225, 0.5764705882352942, 33.504509384470694, 0.242831667679686
 0.9575555538987225, 0.5681159420289855, 32.95652945897567, 0.24498818529514962
 0.9575555538987225, 0.56, 32.42744085087325, 0.247026946815441
 0.9575555538987225, 0.552112676056338, 31.91621381391884, 0.24895481834501265
 0.9575555538987225, 0.5444444444444444, 31.42189714930561, 0.250780338670846
 0.9575555538987225, 0.536986301369863, 30.943610409083956, 0.2525114076354208
 0.9575555538987225, 0.5297297297297298, 30.480537056602333, 0.25415313960058544
 0.9575555538987225, 0.5226666666666667, 30.031918444163345, 0.25571343670063096
 0.9575555538987225, 0.5157894736842105, 29.597048491686717, 0.2571972290095548
 0.9575555538987225, 0.509090909090909, 29.17526896927061, 0.25860749396619825
 0.9575555538987225, 0.5025641025641026, 28.76596530209651, 0.259950851232847
 0.9575555538987225, 0.4962025316455696, 28.36856282886028, 0.2612300337530223
 0.9575555538987225, 0.49, 27.982523455399697, 0.26244988846092304
 0.9575555538987225, 0.4839506172839506, 27.60734265386835, 0.2636138554620487
 0.9575555538987225, 0.47804878048780486, 27.24254676502359, 0.26472498285285234
 0.9575555538987225, 0.47228915662650606, 26.88769056722596, 0.2657866747760215
 0.9575555538987225, 0.4666666666666667, 26.54235508080712, 0.266802373668393
 0.9575555538987225, 0.4611764705882353, 26.206145580726076, 0.26777140297452573
 0.9575555538987225, 0.4558139534883721, 25.878689794039474, 0.26869863910776204
 0.9575555538987225, 0.4505747126436782, 25.55963626177365, 0.2695880873033394
 0.9575555538987225, 0.4454545454545454, 25.248652847395146, 0.2704366280994911
 0.9575555538987225, 0.44044943820224725, 24.945425376307522, 0.27124927579137065
 0.9575555538987225, 0.43555555555555553, 24.64965639271632, 0.27202784484215303
 0.9575555538987225, 0.4307692307692308, 24.361064021851533, 0.27278795678147566
 0.9575555538987225, 0.4260869565217391, 24.079380926958596, 0.273512288549433
 0.9575555538987225, 0.421505376344086, 23.804353351700417, 0.27419897039896834
 0.9575555538987225, 0.41702127659574467, 23.535740239681235, 0.27484766701565716
 0.9575555538987225, 0.4126315789473684, 23.27331242373393, 0.2754789680291922
 0.9575555538987225, 0.4083333333333333, 23.016851878423925, 0.27608537129152066
 0.9575555538987225, 0.4041237113402062, 22.76615102993319, 0.27669197736240897
 0.9575555538987225, 0.4, 22.521012118111, 0.2772605724240161
