 0.1089446784345727, 0.8, 5.0, 0.30660877272022447
 0.1089446784345727, 0.784, 4.899752997934953, 0.30654440718588805
 0.1089446784345727, 0.7686274509803922, 4.803451415694315, 0.30651299353548056
 0.1089446784345727, 0.7538461538461539, 4.710866569098618, 0.306469625321038
 0.1089446784345727, 0.739622641509434, 4.621787131270349, 0.3064783008133676
 0.1089446784345727, 0.7259259259259259, 4.536017514803643, 0.3064984595120912
 0.1089446784345727, 0.7127272727272727, 4.45337643175598, 0.3065253654650689
 0.1089446784345727, 0.7, 4.373695609047488, 0.30653254989479345
 0.1089446784345727, 0.6877192982456141, 4.296818640028281, 0.30652379457824935
 0.1089446784345727, 0.6758620689655173, 4.222599955651541, 0.3065166704474189
 0.1089446784345727, 0.664406779661017, 4.150903900954991, 0.30650339967348084
 0.1089446784345727, 0.6533333333333333, 4.081603904475513, 0.30649354194788786
 0.1089446784345727, 0.6426229508196721, 4.014581729857545, 0.30647900696837344
 0.1089446784345727, 0.632258064516129, 3.9497268003123533, 0.30646245958970453
 0.1089446784345727, 0.6222222222222222, 3.886935587780479, 0.306444962084301
 0.1089446784345727, 0.6124999999999999, 3.826111059675504, 0.3064282410008346
 0.1089446784345727, 0.6030769230769231, 3.7671621769699377, 0.30640789085884557
 0.1089446784345727, 0.593939393939394, 3.7100034381453693, 0.3063839818518651
 0.1089446784345727, 0.5850746268656717, 3.6545544641874574, 0.3063602511568699
 0.1089446784345727, 0.5764705882352942, 3.6007396203768605, 0.30633443748566735
 0.1089446784345727, 0.5681159420289855, 3.5484876711229183, 0.30630613164108234
 0.1089446784345727, 0.56, 3.4977314645183832, 0.30627522196700946
 0.1089446784345727, 0.552112676056338, 3.4484076436699387, 0.3062440710074095
 0.1089446784345727, 0.5444444444444444, 3.4004563821883713, 0.30621131292717796
 0.1089446784345727, 0.536986301369863, 3.353821141510494, 0.30617815227894885
 0.1089446784345727, 0.5297297297297298, 3.3084484479779683, 0.3061438887919213
 0.1089446784345727, 0.5226666666666667, 3.2642876878206, 0.30610810795390075
 0.1089446784345727, 0.5157894736842105, 3.221290918387684, 0.30606958725242805
 0.1089446784345727, 0.509090909090909, 3.1794126941439105, 0.30602952271558304
 0.1089446784345727, 0.5025641025641026, 3.1386099060992034, 0.3059881254325164
 0.1089446784345727, 0.4962025316455696, 3.098841633477275, 0.30594562767072087
 0.1089446784345727, 0.49, 3.060069006547709, 0.3059029112846776
 0.1089446784345727, 0.4839506172839506, 3.0222550796530636, 0.3058597049590269
 0.1089446784345727, 0.47804878048780486, 2.985364713557375, 0.30581524851074054
 0.1089446784345727, 0.47228915662650606, 2.9493644663270095, 0.30576916799534926
 0.1089446784345727, 0.4666666666666667, 2.914222492030252, 0.3057215972952635
 0.1089446784345727, 0.4611764705882353, 2.879908446609464, 0.3056707982805219
 0.1089446784345727, 0.4558139534883721, 2.84639340033999, 0.30562047697707967
 0.1089446784345727, 0.4505747126436782, 2.8136497563440477, 0.3055681587602293
 0.1089446784345727, 0.4454545454545454, 2.7816511746763815, 0.30551565693632043
 0.1089446784345727, 0.44044943820224725, 2.750372501542037, 0.3054659003389883
 0.1089446784345727, 0.43555555555555553, 2.719789703245832, 0.3054172258499711
 0.1089446784345727, 0.4307692307692308, 2.689879804508449, 0.3053569894704102
 0.1089446784345727, 0.4260869565217391, 2.660620830815881, 0.30529454899319974
 0.1089446784345727, 0.421505376344086, 2.631991754497782, 0.30523474543047213
 0.1089446784345727, 0.41702127659574467, 2.603972444256211, 0.305193011762788
 0.1089446784345727, 0.4126315789473684, 2.576543617889841, 0.30513359951504837
 0.1089446784345727, 0.4083333333333333, 2.549686797979975, 0.30507436811042005
 0.1089446784345727, 0.4041237113402062, 2.5233842703240543, 0.30501907867214967
 0.1089446784345727, 0.4, 2.4976190449198983, 0.3049069500655014
