 1.0825317547305482, 0.8, 59.99999999999999, 0.08199309141371944
 1.0825317547305482, 0.784, 58.07108488083593, 0.09697799003482838
 1.0825317547305482, 0.7686274509803922, 56.311309260669624, 0.11029645531783086
 1.0825317547305482, 0.7538461538461539, 54.69254540505164, 0.12230028579440679
 1.0825317547305482, 0.739622641509434, 53.19365179333026, 0.133118950019831
 1.0825317547305482, 0.7259259259259259, 51.798237196004614, 0.14290221625925886
 1.0825317547305482, 0.7127272727272727, 50.49327371888257, 0.1517859559824696
 1.0825317547305482, 0.7, 49.268194122622916, 0.15990624227473943
 1.0825317547305482, 0.6877192982456141, 48.11428082873218, 0.16733261937817023
 1.0825317547305482, 0.6758620689655173, 47.024238635081495, 0.17415957089127682
 1.0825317547305482, 0.664406779661017, 45.99188753936469, 0.18043602166302136
 1.0825317547305482, 0.6533333333333333, 45.01193662107726, 0.18623562336941646
 1.0825317547305482, 0.6426229508196721, 44.07981414374115, 0.19159287518780857
 1.0825317547305482, 0.632258064516129, 43.191537588393835, 0.19656956570916315
 1.0825317547305482, 0.6222222222222222, 42.34361264736431, 0.20119391851210833
 1.0825317547305482, 0.6124999999999999, 41.53295361356457, 0.20550392673228826
 1.0825317547305482, 0.6030769230769231, 40.756819839298586, 0.20953041912366077
 1.0825317547305482, 0.593939393939394, 40.01276444425686, 0.2132937755926313
 1.0825317547305482, 0.5850746268656717, 39.298592486049785, 0.2168232117739643
 1.0825317547305482, 0.5764705882352942, 38.61232652957572, 0.22013296672503208
 1.0825317547305482, 0.5681159420289855, 37.9521780657052, 0.2232455646672632
 1.0825317547305482, 0.56, 37.31652360111115, 0.22617738913716942
 1.0825317547305482, 0.552112676056338, 36.70388451304266, 0.22893917222454954
 1.0825317547305482, 0.5444444444444444, 36.112909964600526, 0.2315483127072299
 1.0825317547305482, 0.536986301369863, 35.54236232752769, 0.23401300153963522
 1.0825317547305482, 0.5297297297297298, 34.991104674473426, 0.23634497750949007
 1.0825317547305482, 0.5226666666666667, 34.4580899908132, 0.2385550903789113
 1.0825317547305482, 0.5157894736842105, 33.94235182430718, 0.2406494377952417
 1.0825317547305482, 0.509090909090909, 33.442996144127704, 0.2426383468495639
 1.0825317547305482, 0.5025641025641026, 32.95919422270091, 0.24452791657458767
 1.0825317547305482, 0.4962025316455696, 32.4901763870572, 0.246323408077522
 1.0825317547305482, 0.49, 32.035226512949734, 0.24803258945561873
 1.0825317547305482, 0.4839506172839506, 31.593677156370052, 0.24966139354636704
 1.0825317547305482, 0.47804878048780486, 31.164905234389202, 0.2512128964340599
 1.0825317547305482, 0.47228915662650606, 30.748328181342448, 0.25269341250878763
 1.0825317547305482, 0.4666666666666667, 30.343400517915825, 0.2541057600957975
 1.0825317547305482, 0.4611764705882353, 29.949610780196405, 0.2554559214496923
 1.0825317547305482, 0.4558139534883721, 29.566478763613983, 0.25674677018292974
 1.0825317547305482, 0.4505747126436782, 29.193553043244272, 0.2579774822077713
 1.0825317547305482, 0.4454545454545454, 28.830408737409662, 0.2591571567527435
 1.0825317547305482, 0.44044943820224725, 28.47664548610104, 0.2602864112942011
 1.0825317547305482, 0.43555555555555553, 28.131885619609587, 0.2613704012110359
 1.0825317547305482, 0.4307692307692308, 27.79577249602797, 0.26239999463075886
 1.0825317547305482, 0.4260869565217391, 27.46796898905743, 0.2633940454854801
 1.0825317547305482, 0.421505376344086, 27.14815610992485, 0.26435501471395956
 1.0825317547305482, 0.41702127659574467, 26.836031749237822, 0.26529013830434545
 1.0825317547305482, 0.4126315789473684, 26.531309526343414, 0.2661792365062096
 1.0825317547305482, 0.4083333333333333, 26.23371773525153, 0.2670232711025277
 1.0825317547305482, 0.4041237113402062, 25.94299837747481, 0.2677961889782064
 1.0825317547305482, 0.4, 25.65890627325528, 0.2685390032427135
