 0.0, 0.8, 0.0, 0.3079613589394658
 0.0, 0.784, 0.0, 0.30784351196183557
 0.0, 0.7686274509803922, 0.0, 0.30775722165673847
 0.0, 0.7538461538461539, 0.0, 0.3076656387645792
 0.0, 0.739622641509434, 0.0, 0.30762610323499834
 0.0, 0.7259259259259259, 0.0, 0.3076027913300792
 0.0, 0.7127272727272727, 0.0, 0.3075891454529295
 0.0, 0.7, 0.0, 0.3075614737104812
 0.0, 0.6877192982456141, 0.0, 0.30751713545943116
 0.0, 0.6758620689655173, 0.0, 0.30747627387136606
 0.0, 0.664406779661017, 0.0, 0.30743041506496616
 0.0, 0.6533333333333333, 0.0, 0.30738928052982933
 0.0, 0.6426229508196721, 0.0, 0.30734550115742204
 0.0, 0.632258064516129, 0.0, 0.30730104402509173
 0.0, 0.6222222222222222, 0.0, 0.30725703996798365
 0.0, 0.6124999999999999, 0.0, 0.3072150154386355
 0.0, 0.6030769230769231, 0.0, 0.30717086753274825
 0.0, 0.593939393939394, 0.0, 0.3071238578607056
 0.0, 0.5850746268656717, 0.0, 0.30707811626390186
 0.0, 0.5764705882352942, 0.0, 0.30703137200253
 0.0, 0.5681159420289855, 0.0, 0.306983064792021
 0.0, 0.56, 0.0, 0.3069329118885362
 0.0, 0.552112676056338, 0.0, 0.30688328288316036
 0.0, 0.5444444444444444, 0.0, 0.30683276581026026
 0.0, 0.536986301369863, 0.0, 0.30678252349086094
 0.0, 0.5297297297297298, 0.0, 0.30673205126593334
 0.0, 0.5226666666666667, 0.0, 0.3066807294499788
 0.0, 0.5157894736842105, 0.0, 0.30662733334438524
 0.0, 0.509090909090909, 0.0, 0.306572900036656
 0.0, 0.5025641025641026, 0.0, 0.3065176574925475
 0.0, 0.4962025316455696, 0.0, 0.30646164657584063
 0.0, 0.49, 0.0, 0.3064060215335711
 0.0, 0.4839506172839506, 0.0, 0.30635031433637927
 0.0, 0.47804878048780486, 0.0, 0.30629397188729374
 0.0, 0.47228915662650606, 0.0, 0.3062365265393303
 0.0, 0.4666666666666667, 0.0, 0.30617809515142264
 0.0, 0.4611764705882353, 0.0, 0.30611660708839816
 0.0, 0.4558139534883721, 0.0, 0.3060560059216987
 0.0, 0.4505747126436782, 0.0, 0.305993447561468
 0.0, 0.4454545454545454, 0.0, 0.30593118999382957
 0.0, 0.44044943820224725, 0.0, 0.3058716675667021
 0.0, 0.43555555555555553, 0.0, 0.30581432609043335
 0.0, 0.4307692307692308, 0.0, 0.3057463897476438
 0.0, 0.4260869565217391, 0.0, 0.30567568742583395
 0.0, 0.421505376344086, 0.0, 0.30560650025766084
 0.0, 0.41702127659574467, 0.0, 0.3055577550932178
 0.0, 0.4126315789473684, 0.0, 0.3054895579147833
 0.0, 0.4083333333333333, 0.0, 0.30542427002892397
 0.0, 0.4041237113402062, 0.0, 0.30536037982062736
 0.0, 0.4, 0.0, 0.3052442562570316
