 0.7169705454388076, 0.8, 35.0, 0.23722418082851932
 0.7169705454388076, 0.784, 34.201491482224874, 0.24064414693065456
 0.7169705454388076, 0.7686274509803922, 33.4413597291606, 0.24375913872534827
 0.7169705454388076, 0.7538461538461539, 32.71669424141867, 0.24666958336725148
 0.7169705454388076, 0.739622641509434, 32.02489215108529, 0.24932609786908214
 0.7169705454388076, 0.7259259259259259, 31.363616172201723, 0.2517912384770882
 0.7169705454388076, 0.7127272727272727, 30.73075960358516, 0.254090004325055
 0.7169705454388076, 0.7, 30.12441698853809, 0.2562387679022794
 0.7169705454388076, 0.6877192982456141, 29.542859352190995, 0.25825434551064896
 0.7169705454388076, 0.6758620689655173, 28.984513173223203, 0.2601398159211844
 0.7169705454388076, 0.664406779661017, 28.447942424882076, 0.26191489547514174
 0.7169705454388076, 0.6533333333333333, 27.931833156170086, 0.2635796367355846
 0.7169705454388076, 0.6426229508196721, 27.43498018882287, 0.2651456518629248
 0.7169705454388076, 0.632258064516129, 26.95627558715663, 0.26662447455144334
 0.7169705454388076, 0.6222222222222222, 26.49469862174186, 0.26801782344412517
 0.7169705454388076, 0.6124999999999999, 26.049306998353728, 0.2693320749973277
 0.7169705454388076, 0.6030769230769231, 25.619229163859046, 0.27057193666740537
 0.7169705454388076, 0.593939393939394, 25.20365753294407, 0.27174599267238253
 0.7169705454388076, 0.5850746268656717, 24.80184250561243, 0.27285724224011376
 0.7169705454388076, 0.5764705882352942, 24.41308716651858, 0.2739092295798656
 0.7169705454388076, 0.5681159420289855, 24.036742574466203, 0.27490726759420586
 0.7169705454388076, 0.56, 23.672203564580393, 0.2758548222771796
 0.7169705454388076, 0.552112676056338, 23.318904997368072, 0.2767552481840845
 0.7169705454388076, 0.5444444444444444, 22.976318398592397, 0.2776104718045229
 0.7169705454388076, 0.536986301369863, 22.643948941980693, 0.2784242944185094
 0.7169705454388076, 0.5297297297297298, 22.321332733561132, 0.27919784693362915
 0.7169705454388076, 0.5226666666666667, 22.008034362119382, 0.27993448088814404
 0.7169705454388076, 0.5157894736842105, 21.703644685073712, 0.28063602409254507
 0.7169705454388076, 0.509090909090909, 21.407778823139967, 0.281304089700436
 0.7169705454388076, 0.5025641025641026, 21.120074340620857, 0.2819412103814822
 0.7169705454388076, 0.4962025316455696, 20.840189591108683, 0.28254942888278295
 0.7169705454388076, 0.49, 20.56780221092012, 0.28313014347121146
 0.7169705454388076, 0.4839506172839506, 20.302607744753697, 0.283683974022028
 0.7169705454388076, 0.47804878048780486, 20.044318389931625, 0.2842134705413502
 0.7169705454388076, 0.47228915662650606, 19.79266184720379, 0.28471885823807236
 0.7169705454388076, 0.4666666666666667, 19.54738026749198, 0.2852024639299197
 0.7169705454388076, 0.4611764705882353, 19.308229285168313, 0.2856624300490711
 0.7169705454388076, 0.4558139534883721, 19.07497712952083, 0.28610444421409986
 0.7169705454388076, 0.4505747126436782, 18.847403806983923, 0.28652639125882406
 0.7169705454388076, 0.4454545454545454, 18.62530034751981, 0.28692978686479853
 0.7169705454388076, 0.44044943820224725, 18.408468109247096, 0.287316228955099
 0.7169705454388076, 0.43555555555555553, 18.196718136035763, 0.2876909565495583
 0.7169705454388076, 0.4307692307692308, 17.98987056333767, 0.2880415489113039
 0.7169705454388076, 0.4260869565217391, 17.787754068005896, 0.2883751999830393
 0.7169705454388076, 0.421505376344086, 17.590205358285754, 0.2886889558010982
 0.7169705454388076, 0.41702127659574467, 17.39706870053973, 0.28901595126286517
 0.7169705454388076, 0.4126315789473684, 17.20819547960629, 0.28931145856683455
 0.7169705454388076, 0.4083333333333333, 17.02344378999232, 0.28960575473635125
 0.7169705454388076, 0.4041237113402062, 16.842678055366356, 0.2898846288969479
 0.7169705454388076, 0.4, 16.665768674058118, 0.2901403454691498
