 1.2074072828613354, 0.8, 75.0, 0.0012235573941756666
 1.2074072828613354, 0.784, 71.19254305121969, 0.00606018238286615
 1.2074072828613354, 0.7686274509803922, 68.13230108184366, 0.022106149564380617
 1.2074072828613354, 0.7538461538461539, 65.5329128763873, 0.03977128685607889
 1.2074072828613354, 0.739622641509434, 63.25596068464814, 0.056747330004222094
 1.2074072828613354, 0.7259259259259259, 61.22160180379117, 0.07228403701249544
 1.2074072828613354, 0.7127272727272727, 59.378629248099124, 0.08658209935479713
 1.2074072828613354, 0.7, 57.691773022139905, 0.09958108502880858
 1.2074072828613354, 0.6877192982456141, 56.13545775731428, 0.11135026846938255
 1.2074072828613354, 0.6758620689655173, 54.69040263962552, 0.12208699535639894
 1.2074072828613354, 0.664406779661017, 53.3416232015308, 0.13184306750970642
 1.2074072828613354, 0.6533333333333333, 52.0771858356392, 0.14076482574081428
 1.2074072828613354, 0.6426229508196721, 50.88739414232009, 0.1489243283814226
 1.2074072828613354, 0.632258064516129, 49.76423655717566, 0.1564405952838049
 1.2074072828613354, 0.6222222222222222, 48.70099913863975, 0.16335509450777222
 1.2074072828613354, 0.6124999999999999, 47.69198665804526, 0.16976466493435013
 1.2074072828613354, 0.6030769230769231, 46.73231696062462, 0.17569964398853133
 1.2074072828613354, 0.593939393939394, 45.817766249324485, 0.18121324031633065
 1.2074072828613354, 0.5850746268656717, 44.94465059915575, 0.18634776602534733
 1.2074072828613354, 0.5764705882352942, 44.109733785683, 0.19113022529747803
 1.2074072828613354, 0.5681159420289855, 43.31015457776125, 0.19560655415864167
 1.2074072828613354, 0.56, 42.543368664412704, 0.19979711397317831
 1.2074072828613354, 0.552112676056338, 41.80710174663229, 0.20373237229020372
 1.2074072828613354, 0.5444444444444444, 41.099311260706344, 0.20743072766986506
 1.2074072828613354, 0.536986301369863, 40.418154855029364, 0.21090903575431255
 1.2074072828613354, 0.5297297297297298, 39.76196420912173, 0.21418686746504242
 1.2074072828613354, 0.5226666666666667, 39.12922312098109, 0.21727928755782658
 1.2074072828613354, 0.5157894736842105, 38.51854903626071, 0.2202022105795909
 1.2074072828613354, 0.509090909090909, 37.928677376424204, 0.22296880423672877
 1.2074072828613354, 0.5025641025641026, 37.35844816099257, 0.22558817430458425
 1.2074072828613354, 0.4962025316455696, 36.806794523773725, 0.22806996994093542
 1.2074072828613354, 0.49, 36.272732803336254, 0.2304250997760848
 1.2074072828613354, 0.4839506172839506, 35.755353950220794, 0.23266245662574828
 1.2074072828613354, 0.47804878048780486, 35.253816041990945, 0.23479408288764725
 1.2074072828613354, 0.47228915662650606, 34.76733773550362, 0.23682223654950632
 1.2074072828613354, 0.4666666666666667, 34.295192516152845, 0.23875016778833993
 1.2074072828613354, 0.4611764705882353, 33.83670362811667, 0.24058802627951797
 1.2074072828613354, 0.4558139534883721, 33.391239589169516, 0.2423428039506447
 1.2074072828613354, 0.4505747126436782, 32.95821020943854, 0.24402489054119586
 1.2074072828613354, 0.4454545454545454, 32.537063046367535, 0.24563113739705217
 1.2074072828613354, 0.44044943820224725, 32.12728023870626, 0.24715650282983
 1.2074072828613354, 0.43555555555555553, 31.728375671037586, 0.2486189273720776
 1.2074072828613354, 0.4307692307692308, 31.33989242755132, 0.25003079843620124
 1.2074072828613354, 0.4260869565217391, 30.96140049976025, 0.2513837510139322
 1.2074072828613354, 0.421505376344086, 30.592494717856905, 0.25267761656656407
 1.2074072828613354, 0.41702127659574467, 30.23279287960783, 0.25385940761090886
 1.2074072828613354, 0.4126315789473684, 29.88193405422147, 0.25500520288318473
 1.2074072828613354, 0.4083333333333333, 29.539577041619506, 0.25615704112741494
 1.2074072828613354, 0.4041237113402062, 29.2053989700849, 0.2573187403422177
 1.2074072828613354, 0.4, 28.879094017427605, 0.2584377846985244
