 0.8034845121081741, 0.8, 39.99999999999999, 0.21388389703762864
 0.8034845121081741, 0.784, 39.04509528455022, 0.2186183053819276
 0.8034845121081741, 0.7686274509803922, 38.139646206191365, 0.22303350326074484
 0.8034845121081741, 0.7538461538461539, 37.27949726994566, 0.22705904809592412
 0.8034845121081741, 0.739622641509434, 36.46098976062103, 0.2307848034098803
 0.8034845121081741, 0.7259259259259259, 35.680884053707004, 0.23422545091606417
 0.8034845121081741, 0.7127272727272727, 34.93629688867566, 0.23741581764115224
 0.8034845121081741, 0.7, 34.22465020933728, 0.2403848764913808
 0.8034845121081741, 0.6877192982456141, 33.54362905484555, 0.2431428716707494
 0.8034845121081741, 0.6758620689655173, 32.89114661043291, 0.24572415170675363
 0.8034845121081741, 0.664406779661017, 32.265314978971055, 0.24813840328224182
 0.8034845121081741, 0.6533333333333333, 31.664420565727855, 0.25040273713988787
 0.8034845121081741, 0.6426229508196721, 31.086903214629274, 0.25253196124153804
 0.8034845121081741, 0.632258064516129, 30.531338419096144, 0.2545295545128729
 0.8034845121081741, 0.6222222222222222, 29.996422070856152, 0.2564097632917104
 0.8034845121081741, 0.6124999999999999, 29.480957317802616, 0.25818035868968736
 0.8034845121081741, 0.6030769230769231, 28.983843185365757, 0.25985023111508515
 0.8034845121081741, 0.593939393939394, 28.504064681021994, 0.2614276124301513
 0.8034845121081741, 0.5850746268656717, 28.0406841528977, 0.26291811665527787
 0.8034845121081741, 0.5764705882352942, 27.592833714170844, 0.2643291745764895
 0.8034845121081741, 0.5681159420289855, 27.159708577552564, 0.26566598871182523
 0.8034845121081741, 0.56, 26.740561170354134, 0.26693404942639615
 0.8034845121081741, 0.552112676056338, 26.33469592188663, 0.26813665227110817
 0.8034845121081741, 0.5444444444444444, 25.94146463225064, 0.26927899684834844
 0.8034845121081741, 0.536986301369863, 25.560262345758233, 0.27036445258236597
 0.8034845121081741, 0.5297297297297298, 25.190523663916437, 0.2713960886078548
 0.8034845121081741, 0.5226666666666667, 24.831719442577725, 0.2723780332257254
 0.8034845121081741, 0.5157894736842105, 24.483353825914165, 0.2733125148892459
 0.8034845121081741, 0.509090909090909, 24.144961576600384, 0.2742033977260486
 0.8034845121081741, 0.5025641025641026, 23.816105667237974, 0.2750529913430207
 0.8034845121081741, 0.4962025316455696, 23.496375102814216, 0.27586426844076173
 0.8034845121081741, 0.49, 23.185382948015043, 0.27663734677501994
 0.8034845121081741, 0.4839506172839506, 22.882764536632674, 0.27737573185494263
 0.8034845121081741, 0.47804878048780486, 22.58817584322306, 0.2780812936420583
 0.8034845121081741, 0.47228915662650606, 22.301291999661412, 0.27875531353354627
 0.8034845121081741, 0.4666666666666667, 22.021805941382443, 0.27939964499187403
 0.8034845121081741, 0.4611764705882353, 21.749427169932794, 0.28001715866165305
 0.8034845121081741, 0.4558139534883721, 21.483880620051718, 0.28060774659131044
 0.8034845121081741, 0.4505747126436782, 21.224905620871482, 0.2811726046306263
 0.8034845121081741, 0.4454545454545454, 20.972254942022712, 0.28171429605257803
 0.8034845121081741, 0.44044943820224725, 20.725693916468796, 0.28223249207745077
 0.8034845121081741, 0.43555555555555553, 20.48499963280006, 0.2827281010057711
 0.8034845121081741, 0.4307692307692308, 20.249960190511292, 0.28319112616713243
 0.8034845121081741, 0.4260869565217391, 20.020374012481035, 0.2836458743213633
 0.8034845121081741, 0.421505376344086, 19.79604920948226, 0.2840947565133043
 0.8034845121081741, 0.41702127659574467, 19.576802992091316, 0.28453036788499386
 0.8034845121081741, 0.4126315789473684, 19.362461125837058, 0.28493462157973437
 0.8034845121081741, 0.4083333333333333, 19.15285742585141, 0.28531873548583314
 0.8034845121081741, 0.4041237113402062, 18.9478332876545, 0.28567504842868957
 0.8034845121081741, 0.4, 18.747237251037504, 0.28599647716156523
