 1.1328847337958123, 0.8, 64.99999999999999, 0.04302103687449447
 1.1328847337958123, 0.784, 62.645633431180784, 0.06100515572751959
 1.1328847337958123, 0.7686274509803922, 60.547811567584965, 0.07744137804798254
 1.1328847337958123, 0.7538461538461539, 58.65172469781183, 0.09222511449337316
 1.1328847337958123, 0.739622641509434, 56.919780417243786, 0.10558703256682686
 1.1328847337958123, 0.7259259259259259, 55.32480276439999, 0.11754813743498059
 1.1328847337958123, 0.7127272727272727, 53.84635215217889, 0.12838395206200615
 1.1328847337958123, 0.7, 52.468573108244414, 0.13816210123343675
 1.1328847337958123, 0.6877192982456141, 51.17885777022349, 0.14708848807547026
 1.1328847337958123, 0.6758620689655173, 49.96697533403755, 0.15522235355058467
 1.1328847337958123, 0.664406779661017, 48.82448244349733, 0.16270056586664783
 1.1328847337958123, 0.6533333333333333, 47.744310665402864, 0.1695687966190289
 1.1328847337958123, 0.6426229508196721, 46.720469815981424, 0.17592122569613064
 1.1328847337958123, 0.632258064516129, 45.7478295128327, 0.18178442290746874
 1.1328847337958123, 0.6222222222222222, 44.82195500406973, 0.1872240105898691
 1.1328847337958123, 0.6124999999999999, 43.93898156096055, 0.19227449073687514
 1.1328847337958123, 0.6030769230769231, 43.09551684594588, 0.19697647513845387
 1.1328847337958123, 0.593939393939394, 42.288563952640665, 0.20136674759312803
 1.1328847337958123, 0.5850746268656717, 41.51545997434592, 0.2054678953464141
 1.1328847337958123, 0.5764705882352942, 40.77382641078957, 0.20931249773207986
 1.1328847337958123, 0.5681159420289855, 40.06152872079658, 0.21291549948682897
 1.1328847337958123, 0.56, 39.37664302675111, 0.21630069151211004
 1.1328847337958123, 0.552112676056338, 38.717428473384835, 0.2194864518852767
 1.1328847337958123, 0.5444444444444444, 38.08230410219336, 0.22248682571858514
 1.1328847337958123, 0.536986301369863, 37.4698293655767, 0.22532099525528893
 1.1328847337958123, 0.5297297297297298, 36.87868759977799, 0.22799720194538958
 1.1328847337958123, 0.5226666666666667, 36.307671922074825, 0.23052861273798314
 1.1328847337958123, 0.5157894736842105, 35.75567312877807, 0.2329277607942777
 1.1328847337958123, 0.509090909090909, 35.22166925577522, 0.23520056157562183
 1.1328847337958123, 0.5025641025641026, 34.70471652928195, 0.23735905325786552
 1.1328847337958123, 0.4962025316455696, 34.203941485939055, 0.23940864228430972
 1.1328847337958123, 0.49, 33.7185340819115, 0.24135632503745277
 1.1328847337958123, 0.4839506172839506, 33.247741642788455, 0.24321133029074576
 1.1328847337958123, 0.47804878048780486, 32.790863531764046, 0.244976428614442
 1.1328847337958123, 0.47228915662650606, 32.347246434236666, 0.24666040344337456
 1.1328847337958123, 0.4666666666666667, 31.91628017368787, 0.24826642694789502
 1.1328847337958123, 0.4611764705882353, 31.497393987322308, 0.24979742470138083
 1.1328847337958123, 0.4558139534883721, 31.090053201105746, 0.25125799692025225
 1.1328847337958123, 0.4505747126436782, 30.693756253024553, 0.25265537982558445
 1.1328847337958123, 0.4454545454545454, 30.308032020994055, 0.25399427153674065
 1.1328847337958123, 0.44044943820224725, 29.9324374181665, 0.25527459470670383
 1.1328847337958123, 0.43555555555555553, 29.5665552236732, 0.2564939453207604
 1.1328847337958123, 0.4307692307692308, 29.209992121269647, 0.257667847797171
 1.1328847337958123, 0.4260869565217391, 28.86237692208816, 0.2588059308067132
 1.1328847337958123, 0.421505376344086, 28.523358950864424, 0.25990738608611097
 1.1328847337958123, 0.41702127659574467, 28.192606577687982, 0.2609475249599514
 1.1328847337958123, 0.4126315789473684, 27.86980587961545, 0.2619117583722029
 1.1328847337958123, 0.4083333333333333, 27.554659418441407, 0.26284912789797055
 1.1328847337958123, 0.4041237113402062, 27.246885122601544, 0.26372555195771513
 1.1328847337958123, 0.4, 26.946215262627685, 0.26463223105296413
