FREQUENCY = 0.4
STAGE:  0
STEPS:
[0.5        0.64285714 0.78571429 0.92857143 1.07142857 1.21428571
 1.35714286 1.5       ]
EFF:
[0.04816990815340345, 0.050314736691907176, 0.06888944093337494, 0.25607142945191413, 0.38405245948862726, 0.37666534797800505, 0.28113284304019875, 0.21003021511225567]
--------------------------------------------------------------------
FREQUENCY = 0.504
STAGE:  0
STEPS:
[0.5        0.64285714 0.78571429 0.92857143 1.07142857 1.21428571
 1.35714286 1.5       ]
EFF:
[0.04410151019487003, 0.04967530406959842, 0.07812933070839137, 0.28349899229190684, 0.41610606973519665, 0.302337284248433, 0.1927382155042248, 0.11779222374152565]
STAGE:  1
STEPS:
[0.94642857 0.98469388 1.02295918 1.06122449 1.0994898  1.1377551
 1.17602041 1.21428571]
EFF:
[0.3058362384948643, 0.37266642371636044, 0.4067931804925336, 0.4154771145323827, 0.40462660681130086, 0.38501179975917976, 0.3620004198598391, 0.302337284248433]
--------------------------------------------------------------------
FREQUENCY = 0.6080000000000001
STAGE:  0
STEPS:
[0.5        0.64285714 0.78571429 0.92857143 1.07142857 1.21428571
 1.35714286 1.5       ]
EFF:
[0.031607341903669824, 0.03716741758536708, 0.0692366437953484, 0.2944708500205734, 0.40601831880607453, 0.22848268689561052, 0.10539702656627686, 0.04837615157933252]
STAGE:  1
STEPS:
[0.92857143 0.96683673 1.00510204 1.04336735 1.08163265 1.11989796
 1.15816327 1.19642857]
EFF:
[0.2944708500205734, 0.3791640893331764, 0.4148685590678568, 0.4205472363993027, 0.3888280144728224, 0.35934655770733864, 0.3207519902513454, 0.23798747777253385]
<class 'Exception'>
--------------------------------------------------------------------
FREQUENCY = 0.7120000000000001
STAGE:  0
STEPS:
[0.5        0.64285714 0.78571429 0.92857143 1.07142857 1.21428571
 1.35714286 1.5       ]
EFF:
[0.025536517526996594, 0.02919918244882223, 0.08375705422998708, 0.3167660338923115, 0.33478326051001184, 0.15652238268606675, 0.050698861998928084, 0.025562211415858842]
STAGE:  1
STEPS:
[0.92857143 0.96683673 1.00510204 1.04336735 1.08163265 1.11989796
 1.15816327 1.19642857]
EFF:
[0.3167660338923115, 0.3926715612907148, 0.3995202608519148, 0.3875161167668582, 0.3290262993596557, 0.29690699596338904, 0.2307742715802166, 0.16865748574648054]
<class 'Exception'>
--------------------------------------------------------------------
FREQUENCY = 0.8160000000000001
STAGE:  0
STEPS:
[0.5        0.64285714 0.78571429 0.92857143 1.07142857 1.21428571
 1.35714286 1.5       ]
EFF:
[0.025757888179343737, 0.025580549093138394, 0.07621619183530975, 0.3164111404406593, 0.3095723158129256, 0.11783956318472708, 0.032188534250466076, 0.025910003011296482]
--------------------------------------------------------------------
FREQUENCY = 0.92
STAGE:  0
STEPS:
[0.5        0.64285714 0.78571429 0.92857143 1.07142857 1.21428571
 1.35714286 1.5       ]
EFF:
[0.022947226306173962, 0.023909383390207324, 0.06395645439433177, 0.3050081532632364, 0.2812649775802626, 0.08149311107397737, 0.023391579198378157, 0.025960636214314672]
STAGE:  1
STEPS:
[0.80357143 0.84183673 0.88010204 0.91836735 0.95663265 0.99489796
 1.03316327 1.07142857]
EFF:
[0.08620953113117592, 0.14083094290290063, 0.17812034793466572, 0.2674283687890039, 0.32170179406488, 0.34238378922162366, 0.311922122386147, 0.2812649775802626]
STAGE:  2
STEPS:
[0.95663265 0.96688229 0.97713192 0.98738156 0.9976312  1.00788083
 1.01813047 1.0283801 ]
EFF:
[0.32170179406488, 0.3278499115447127, 0.33386888291617234, 0.33928008740336707, 0.34322001910174404, 0.34415920789635746, 0.33941408836685505, 0.3243970362396313]
<class 'Exception'>
--------------------------------------------------------------------
FREQUENCY = 1.024
STAGE:  0
STEPS:
[0.5        0.64285714 0.78571429 0.92857143 1.07142857 1.21428571
 1.35714286 1.5       ]
EFF:
[0.0179385019934718, 0.02234160747291367, 0.040058825126732985, 0.25172298632250517, 0.24086716907675634, 0.04957537183358606, 0.01830675287029892, 0.020858120938233544]
STAGE:  1
STEPS:
[0.80357143 0.89285714 0.98214286 1.07142857]
EFF:
[0.07379059586928206, 0.17663748456258763, 0.290435159300836, 0.24086716907675634]
STAGE:  2
STEPS:
[0.91517857 0.9672619  1.01934524 1.07142857]
