FREQUENCY = 0.7

STAGE:  0
STEPS:
[0.1 0.2 0.3 0.4 0.5 0.6 0.7 0.8 0.9 1. ]
EFF:
[0.6373881963826733, 0.7020193706109005, 0.6179446920537505, 0.5134751545848908, 0.4395198280722979, 0.39517447945076273, 0.3705824094896364, 0.35807060536095925, 0.3520935604439118, 0.34871571883121194]

STAGE:  1
STEPS:
[0.1        0.12111111 0.14222222 0.16333333 0.18444444 0.20555556
 0.22666667 0.24777778 0.26888889 0.29      ]
EFF:
[0.6373881963826733, 0.6580348671284387, 0.6857827487190616, 0.7001351790970732, 0.7065039342466871, 0.7004403600164179, 0.6940743263143132, 0.6745261322148582, 0.6578995046121642, 0.639776300593088]
--------------------------------------------------------------------
FREQUENCY = 0.7999999999999999

STAGE:  0
STEPS:
[0.1 0.2 0.3 0.4 0.5 0.6 0.7 0.8 0.9 1. ]
EFF:
[0.6006590365110368, 0.7007525164801152, 0.6100377663404929, 0.4758588693217954, 0.3975948605432182, 0.3586211734918645, 0.33320365346956865, 0.3204446815603933, 0.3159224513566222, 0.3121249703313462]

STAGE:  1
STEPS:
[0.11       0.13111111 0.15222222 0.17333333 0.19444444 0.21555556
 0.23666667 0.25777778 0.27888889 0.3       ]
EFF:
[0.6119737293038706, 0.6466295616464404, 0.6820289406201117, 0.6936956884910265, 0.7020189836842021, 0.694672060359206, 0.6779064591468825, 0.6610827295378858, 0.6284357901564687, 0.6100377663404929]
--------------------------------------------------------------------
FREQUENCY = 0.8999999999999999

STAGE:  0
STEPS:
[0.1 0.2 0.3 0.4 0.5 0.6 0.7 0.8 0.9 1. ]
EFF:
[0.6047988874283932, 0.694058648497684, 0.5523179363727029, 0.43316447424135884, 0.35158246024735784, 0.3224874143163498, 0.30360243051175323, 0.29783826414757214, 0.2936310452722219, 0.29073607028694]

STAGE:  1
STEPS:
[0.1        0.12111111 0.14222222 0.16333333 0.18444444 0.20555556
 0.22666667 0.24777778 0.26888889 0.29      ]
EFF:
[0.6047988874283932, 0.6376239872757058, 0.6832062346979647, 0.696008368341685, 0.701999191654756, 0.6904218154768305, 0.669980688567551, 0.6393532888448653, 0.6114971370422354, 0.5696197054470797]
--------------------------------------------------------------------
FREQUENCY = 1.0

STAGE:  0
STEPS:
[0.1 0.2 0.3 0.4 0.5 0.6 0.7 0.8 0.9 1. ]
EFF:
[0.6328764413649086, 0.675946676884335, 0.49844043125226306, 0.3730581304089899, 0.3142537492860601, 0.2918528383007822, 0.2823927880329789, 0.2786152016012949, 0.27734110812709195, 0.2746215664913712]

STAGE:  1
STEPS:
[0.1        0.12111111 0.14222222 0.16333333 0.18444444 0.20555556
 0.22666667 0.24777778 0.26888889 0.29      ]
EFF:
[0.6328764413649086, 0.6746811009326508, 0.7050114391100536, 0.7067162459103635, 0.691256030507342, 0.665166884144856, 0.6312675702149977, 0.5810720444345235, 0.5542147666200626, 0.5107383256070738]
--------------------------------------------------------------------
FREQUENCY = 1.1

STAGE:  0
STEPS:
[0.1 0.2 0.3 0.4 0.5 0.6 0.7 0.8 0.9 1. ]
EFF:
[0.6349997715027428, 0.6567947112408425, 0.45818213365050936, 0.33749497200272194, 0.287048967022922, 0.2685928013256233, 0.26126825671999654, 0.2587770004098339, 0.2585262624472509, 0.25733146151768493]

STAGE:  1
STEPS:
[0.1        0.12111111 0.14222222 0.16333333 0.18444444 0.20555556
 0.22666667 0.24777778 0.26888889 0.29      ]
EFF:
[0.6349997715027428, 0.6835986080919351, 0.7064381688120173, 0.7036937334662978, 0.6816615509905838, 0.648919544937655, 0.5987661638917894, 0.5594612319894581, 0.5164907454553695, 0.46923520208930314]
--------------------------------------------------------------------
FREQUENCY = 1.2

STAGE:  0
STEPS:
[0.1 0.2 0.3 0.4 0.5 0.6 0.7 0.8 0.9 1. ]
EFF:
[0.6850573803980493, 0.599166017802634, 0.3771782032348427, 0.28712906488852785, 0.25560555599052814, 0.2438933844435184, 0.24119866242404372, 0.23962932975549892, 0.23963319666975352, 0.23962930763024137]

STAGE:  1
STEPS:
[0.01       0.03111111 0.05222222 0.07333333 0.09444444 0.11555556
 0.13666667 0.15777778 0.17888889 0.2       ]
EFF:
[0.34832621222035204, 0.4295927722582285, 0.5054681628939466, 0.6009178611885836, 0.6730729753625097, 0.7029693498283075, 0.7104333103306286, 0.6776241419115181, 0.6454649228918056, 0.599166017802634]
--------------------------------------------------------------------
FREQUENCY = 1.3

STAGE:  0
STEPS:
[0.1 0.2 0.3 0.4 0.5 0.6 0.7 0.8 0.9 1. ]
EFF:
[0.6764418143923985, 0.5583209865268651, 0.35378235391155183, 0.2655117694784895, 0.23477834328215733, 0.227469585255942, 0.22589467751312015, 0.22457911077682516, 0.22406371395226235, 0.2246112449977309]

STAGE:  1
STEPS:
[0.01       0.03111111 0.05222222 0.07333333 0.09444444 0.11555556
 0.13666667 0.15777778 0.17888889 0.2       ]
EFF:
[0.32556397548941907, 0.4080255463136687, 0.4838192996073556, 0.5815299578906096, 0.6723487241035458, 0.7109239540188884, 0.7079798255711807, 0.6805295092919373, 0.6282265565900736, 0.5583209865268651]
--------------------------------------------------------------------
FREQUENCY = 1.4

STAGE:  0
STEPS:
[0.1 0.2 0.3 0.4 0.5 0.6 0.7 0.8 0.9 1. ]
EFF:
[0.7064794946909188, 0.49736686558073695, 0.2967757364129461, 0.23257673464349607, 0.215014480961952, 0.20997067061018856, 0.209645908918168, 0.2087699395605801, 0.20793053161904113, 0.20830807863121936]

STAGE:  1
STEPS:
[0.01       0.03111111 0.05222222 0.07333333 0.09444444 0.11555556
 0.13666667 0.15777778 0.17888889 0.2       ]
EFF:
[0.3099771180269451, 0.4197264335503924, 0.5299927135681588, 0.6382125558567474, 0.6924209350989845, 0.7129095332993018, 0.6902461635915812, 0.6371973791669581, 0.5685131023963432, 0.49736686558073695]

STAGE:  2
STEPS:
[0.09444444 0.09890123 0.10335802 0.10781481 0.1122716  0.1167284
 0.12118519 0.12564198 0.13009877 0.13455556]
EFF:
[0.6924209350989845, 0.7057601420164981, 0.708488759201249, 0.7108075055210847, 0.7121902250312272, 0.712716942654223, 0.7090161890599409, 0.7025980277411126, 0.699169047486377, 0.6938156882595354]
--------------------------------------------------------------------
FREQUENCY = 1.5

STAGE:  0
STEPS:
[0.1 0.2 0.3 0.4 0.5 0.6 0.7 0.8 0.9 1. ]
EFF:
[0.7031751990055778, 0.45309958767377057, 0.2622050189303654, 0.20989118131106835, 0.19654667148195806, 0.19317328322304894, 0.1936051939811616, 0.1929412708163607, 0.19149896128702393, 0.19124761385670871]

STAGE:  1
STEPS:
[0.01       0.03111111 0.05222222 0.07333333 0.09444444 0.11555556
 0.13666667 0.15777778 0.17888889 0.2       ]
EFF:
[0.2941961939183181, 0.4080601835740315, 0.5213348937684374, 0.6315875063670439, 0.6973462092167793, 0.7020349265845997, 0.6573522152577878, 0.585835745344025, 0.5136196687514258, 0.45309958767377057]
--------------------------------------------------------------------
FREQUENCY = 1.6

STAGE:  0
STEPS:
[0.1 0.2 0.3 0.4 0.5 0.6 0.7 0.8 0.9 1. ]
EFF:
[0.7058873172361805, 0.42539044673760157, 0.2353135637202883, 0.19134365326935215, 0.1815083523155788, 0.1788517658543972, 0.18017378139404203, 0.18050355425637296, 0.17894509947612114, 0.17766252468999277]

STAGE:  1
STEPS:
[0.01       0.03111111 0.05222222 0.07333333 0.09444444 0.11555556
 0.13666667 0.15777778 0.17888889 0.2       ]
EFF:
[0.2798873309356647, 0.39729446857983364, 0.5170834624085133, 0.6327997438505449, 0.6983606087979226, 0.6984019000268586, 0.6487694474430292, 0.5748063914507348, 0.49656925658017537, 0.42539044673760157]
--------------------------------------------------------------------
FREQUENCY = 1.7

STAGE:  0
STEPS:
[0.1 0.2 0.3 0.4 0.5 0.6 0.7 0.8 0.9 1. ]
EFF:
[0.7034435651380609, 0.3899056246327725, 0.2134370259271173, 0.17453570927598072, 0.16663577991260042, 0.16452309162146198, 0.16625371372916034, 0.1676730324521256, 0.16650313925394628, 0.16485324294937204]

STAGE:  1
STEPS:
[0.01       0.03111111 0.05222222 0.07333333 0.09444444 0.11555556
 0.13666667 0.15777778 0.17888889 0.2       ]
EFF:
[0.25952691144647444, 0.380016800968021, 0.5091594404997593, 0.6338733325043372, 0.6991142077443991, 0.6899077894340592, 0.6286183173737736, 0.5456000845323193, 0.4624427956404509, 0.3899056246327725]
--------------------------------------------------------------------
FREQUENCY = 1.8

STAGE:  0
STEPS:
[0.1 0.2 0.3 0.4 0.5 0.6 0.7 0.8 0.9 1. ]
EFF:
[0.6899092771005155, 0.3253560455747336, 0.17929646414032957, 0.152566943143055, 0.1484070125350127, 0.14655642622832474, 0.14857944076921997, 0.1513302595062539, 0.15108627408212655, 0.14946119954651146]

STAGE:  1
STEPS:
[0.01       0.03111111 0.05222222 0.07333333 0.09444444 0.11555556
 0.13666667 0.15777778 0.17888889 0.2       ]
EFF:
[0.2891766067453505, 0.4071967908850826, 0.552397106953847, 0.663090129269405, 0.6941043861907266, 0.6520879150230521, 0.5701740756987702, 0.4784922499229007, 0.394564102387557, 0.3253560455747336]

STAGE:  2
STEPS:
[0.07333333 0.07779012 0.08224691 0.0867037  0.09116049 0.09561728
 0.10007407 0.10453086 0.10898765 0.11344444]
EFF:
[0.663090129269405, 0.6735028372346774, 0.6850176310596394, 0.6892920685742058, 0.6932730125730174, 0.6937224114558426, 0.6897990710429261, 0.6763546376560855, 0.6571342637097294, 0.6562220951326291]
--------------------------------------------------------------------
FREQUENCY = 1.9000000000000001

STAGE:  0
STEPS:
[0.1 0.2 0.3 0.4 0.5 0.6 0.7 0.8 0.9 1. ]
EFF:
[0.6658084626601025, 0.29357834650150744, 0.16126565278024363, 0.1385070060861057, 0.13577706171114742, 0.1339137261875437, 0.13467795149543504, 0.13832075286141157, 0.1395280376568549, 0.1383249044868722]

STAGE:  1
STEPS:
[0.01       0.03111111 0.05222222 0.07333333 0.09444444 0.11555556
 0.13666667 0.15777778 0.17888889 0.2       ]
EFF:
[0.26527208341371483, 0.38229051603591635, 0.5333489384805612, 0.6536293014877389, 0.6855130540619234, 0.6293525135817535, 0.5207265630992981, 0.4205317707430276, 0.3520565348884552, 0.29357834650150744]

STAGE:  2
STEPS:
[0.07333333 0.07779012 0.08224691 0.0867037  0.09116049 0.09561728
 0.10007407 0.10453086 0.10898765 0.11344444]
EFF:
[0.6536293014877389, 0.6704267328039312, 0.6789714396778289, 0.6861419075325943, 0.6869139882276475, 0.6841511645032932, 0.6651587411906246, 0.6618732432995368, 0.6557310258129493, 0.641118915372886]
--------------------------------------------------------------------
FREQUENCY = 2.0

STAGE:  0
STEPS:
[0.1 0.2 0.3 0.4 0.5 0.6 0.7 0.8 0.9 1. ]
EFF:
[0.6655093961280756, 0.2520188364418886, 0.14750439444308125, 0.12890683679860407, 0.12651725683666618, 0.1256323626911303, 0.12497515948895327, 0.12809043515726318, 0.13031345944829043, 0.12967750792004953]

STAGE:  1
STEPS:
[0.01       0.03111111 0.05222222 0.07333333 0.09444444 0.11555556
 0.13666667 0.15777778 0.17888889 0.2       ]
EFF:
[0.24645945792870436, 0.362219035324308, 0.522377156080551, 0.655168720365876, 0.668267140788551, 0.6021801053860953, 0.5128895762211172, 0.41664152555828476, 0.32842522518990747, 0.2520188364418886]

STAGE:  2
STEPS:
[0.07333333 0.08336111 0.09338889 0.10341667 0.11344444]
EFF:
[0.655168720365876, 0.6799637052010534, 0.6750242388237883, 0.6597196936867226, 0.5999989300636335]
--------------------------------------------------------------------
FREQUENCY = 2.1

STAGE:  0
STEPS:
[0.1 0.2 0.3 0.4 0.5 0.6 0.7 0.8 0.9 1. ]
EFF:
[0.6129559155920253, 0.21421452817366263, 0.1297244094689053, 0.11895831672250293, 0.11800396658836665, 0.11749930650062515, 0.11653034560397216, 0.1184504037199811, 0.12052690155918508, 0.12058022288065169]

STAGE:  1
STEPS:
[0.01       0.03111111 0.05222222 0.07333333 0.09444444 0.11555556
 0.13666667 0.15777778 0.17888889 0.2       ]
EFF:
[0.24392568134411455, 0.3940093856942438, 0.5797418621978624, 0.6645646831117652, 0.6523498016873278, 0.5475358818442445, 0.4312895782165093, 0.34235122809671986, 0.277553077506635, 0.21421452817366263]

STAGE:  2
STEPS:
[0.05433333 0.06436111 0.07438889 0.08441667 0.09444444]
EFF:
[0.5879512208432037, 0.6434402368746965, 0.6649890909474064, 0.6612527009495475, 0.6523498016873278]
--------------------------------------------------------------------
FREQUENCY = 2.2

STAGE:  0
STEPS:
[0.1 0.2 0.3 0.4 0.5 0.6 0.7 0.8 0.9 1. ]
EFF:
[0.6058037111939799, 0.20050246936359747, 0.11889056980082154, 0.10965341998484297, 0.10890902607956972, 0.10938971914989037, 0.10797312023426013, 0.10859085994132718, 0.11017111526923251, 0.11043709369661849]

STAGE:  1
STEPS:
[0.01       0.03111111 0.05222222 0.07333333 0.09444444 0.11555556
 0.13666667 0.15777778 0.17888889 0.2       ]
EFF:
[0.229956195540948, 0.3960037003021017, 0.571235057792846, 0.6676302554605311, 0.6274388159263317, 0.5232623841581744, 0.42024078026056777, 0.31213887263387885, 0.24353164709123593, 0.20050246936359747]

STAGE:  2
STEPS:
[0.05433333 0.05879012 0.06324691 0.0677037  0.07216049 0.07661728
 0.08107407 0.08553086 0.08998765 0.09444444]
EFF:
[0.5809766820372005, 0.611295936718053, 0.6446476320685515, 0.6548926852177345, 0.6632244190816402, 0.672712535803712, 0.6632453418878826, 0.6584814290247191, 0.655815672161274, 0.6274388159263317]
--------------------------------------------------------------------
FREQUENCY = 2.3

STAGE:  0
STEPS:
[0.1 0.2 0.3 0.4 0.5 0.6 0.7 0.8 0.9 1. ]
EFF:
[0.6361850418173609, 0.20894017261778286, 0.11244951915723682, 0.10193707599857098, 0.1006095668054084, 0.1019826583303987, 0.10106461539703392, 0.10053384666214688, 0.10120002037034372, 0.10126612081123118]

STAGE:  1
STEPS:
[0.01       0.03111111 0.05222222 0.07333333 0.09444444 0.11555556
 0.13666667 0.15777778 0.17888889 0.2       ]
EFF:
[0.19721888795059087, 0.2937059994166988, 0.4874008649614682, 0.6353610706281693, 0.6544548623423843, 0.5583558718617161, 0.454605061167266, 0.34481626942692056, 0.26117301031960644, 0.20894017261778286]

STAGE:  2
STEPS:
[0.07333333 0.07779012 0.08224691 0.0867037  0.09116049 0.09561728
 0.10007407 0.10453086 0.10898765 0.11344444]
EFF:
[0.6353610706281693, 0.6432742661599005, 0.6648976360464448, 0.6660287869125998, 0.6566242871776784, 0.6537946393309242, 0.6355415013800265, 0.6205892009983086, 0.6054041932798898, 0.5796474239657424]
--------------------------------------------------------------------
FREQUENCY = 2.4000000000000004

STAGE:  0
STEPS:
[0.1 0.2 0.3 0.4 0.5 0.6 0.7 0.8 0.9 1. ]
EFF:
[0.4899454404289397, 0.14088610788388561, 0.09803975325452009, 0.09438210161195935, 0.09419523968052843, 0.09497333713062829, 0.09458058777940118, 0.0941381601641517, 0.09421449052616405, 0.09417804843969982]

STAGE:  1
STEPS:
[0.01       0.03111111 0.05222222 0.07333333 0.09444444 0.11555556
 0.13666667 0.15777778 0.17888889 0.2       ]
EFF:
[0.243860182194841, 0.4403406464435079, 0.5935838007966067, 0.6115557418485689, 0.49339002084718137, 0.39598976843951744, 0.272776851620029, 0.22024616776327102, 0.1608400009051099, 0.14088610788388561]

STAGE:  2
STEPS:
[0.05222222 0.05667901 0.0611358  0.06559259 0.07004938 0.07450617
 0.07896296 0.08341975 0.08787654 0.09233333]
EFF:
[0.5935838007966067, 0.6198232935314831, 0.6069068975142541, 0.6081738486266021, 0.6274605983506094, 0.5976337160427984, 0.5677928093436552, 0.5800799458511016, 0.548731416715584, 0.49789944027447697]

STAGE:  3
STEPS:
[0.05222222 0.05433333 0.05644444 0.05855556 0.06066667 0.06277778
 0.06488889 0.067      0.06911111 0.07122222 0.07333333 0.07544444
 0.07755556 0.07966667 0.08177778 0.08388889 0.086      0.08811111
 0.09022222 0.09233333]
EFF:
[0.5935838007966067, 0.6098796344532089, 0.6191875183334068, 0.6213941773701803, 0.611743535254145, 0.605207968941945, 0.6040791802861674, 0.6201600387544659, 0.6274324518307786, 0.6248653610918353, 0.6115557418485689, 0.5816483046644985, 0.5711919883899028, 0.565559122385252, 0.5790857297262881, 0.5791142556070941, 0.5683133090832869, 0.5454675567373625, 0.5049352982981473, 0.49789944027447697]
--------------------------------------------------------------------
FREQUENCY = 2.5

STAGE:  0
STEPS:
[0.1 0.2 0.3 0.4 0.5 0.6 0.7 0.8 0.9 1. ]
EFF:
[0.5559646032998804, 0.14751643069477083, 0.09457691533229844, 0.08992199060473613, 0.08939244379305865, 0.09012340243356333, 0.09054809933902584, 0.09014864264241552, 0.08980879175135448, 0.08954233645999095]

STAGE:  1
STEPS:
[0.01       0.03111111 0.05222222 0.07333333 0.09444444 0.11555556
 0.13666667 0.15777778 0.17888889 0.2       ]
EFF:
[0.1941147526892674, 0.3584024470257249, 0.5699213333374418, 0.6603023496166033, 0.5950529221192465, 0.4599656939267253, 0.33688947453402246, 0.24642527509921602, 0.18366580417831105, 0.14751643069477083]

STAGE:  2
STEPS:
[0.05433333 0.05879012 0.06324691 0.0677037  0.07216049 0.07661728
 0.08107407 0.08553086 0.08998765 0.09444444]
EFF:
[0.5990881954445137, 0.6199767714136007, 0.637558446314199, 0.6574545723279513, 0.6603718748901126, 0.6574219399698034, 0.6503134590429225, 0.6313090863582386, 0.6148662475503218, 0.5950529221192465]
--------------------------------------------------------------------
FINAL RESULT:
FREQS:
[0.7 0.8 0.9 1.  1.1 1.2 1.3 1.4 1.5 1.6 1.7 1.8 1.9 2.  2.1 2.2 2.3 2.4
 2.5]
EFF:
[0.7065039342466871, 0.7020189836842021, 0.701999191654756, 0.7067162459103635, 0.7064381688120173, 0.7104333103306286, 0.7109239540188884, 0.712716942654223, 0.7020349265845997, 0.6984019000268586, 0.6991142077443991, 0.6937224114558426, 0.6869139882276475, 0.6799637052010534, 0.6649890909474064, 0.672712535803712, 0.6660287869125998, 0.6274324518307786, 0.6603718748901126]
PARAMETERS:
[np.float64(0.18444444444444447), np.float64(0.19444444444444448), np.float64(0.18444444444444447), np.float64(0.16333333333333336), np.float64(0.14222222222222225), np.float64(0.1366666666666667), np.float64(0.11555555555555556), np.float64(0.11672839506172841), np.float64(0.11555555555555556), np.float64(0.11555555555555556), np.float64(0.09444444444444446), np.float64(0.0956172839506173), np.float64(0.09116049382716052), np.float64(0.08336111111111112), np.float64(0.0743888888888889), np.float64(0.07661728395061729), np.float64(0.08670370370370371), np.float64(0.06911111111111112), np.float64(0.0721604938271605)]
