FREQUENCY = 0.7

STAGE:  0
STEPS:
[0.5        0.64285714 0.78571429 0.92857143 1.07142857 1.21428571
 1.35714286 1.5       ]
EFF:
[0.5454882474939959, 0.6812993565689062, 0.6882152669262575, 0.5981865742127771, 0.5242909458374342, 0.4618261487891138, 0.4212077106926416, 0.39754256347024086]
--------------------------------------------------------------------
FREQUENCY = 0.7999999999999999

STAGE:  0
STEPS:
[0.5        0.64285714 0.78571429 0.92857143 1.07142857 1.21428571
 1.35714286 1.5       ]
EFF:
[0.4429392674610703, 0.6315572178437683, 0.6940884069555611, 0.6104043187814725, 0.5217934243285229, 0.44356182434771535, 0.4018870855138453, 0.3758521202058064]

STAGE:  1
STEPS:
[0.64285714 0.68112245 0.71938776 0.75765306 0.79591837 0.83418367
 0.87244898 0.91071429]
EFF:
[0.6315572178437683, 0.6707158387800332, 0.6937377396671773, 0.6974634137839019, 0.6888982083239329, 0.6745402337451979, 0.657493331247487, 0.615998520026831]
--------------------------------------------------------------------
FREQUENCY = 0.8999999999999999

STAGE:  0
STEPS:
[0.5        0.64285714 0.78571429 0.92857143 1.07142857 1.21428571
 1.35714286 1.5       ]
EFF:
[0.35511098320331885, 0.6143259631649965, 0.7016089114142573, 0.636599828766809, 0.5172776280779473, 0.4487285395600198, 0.3998138219461094, 0.3667341097779455]

STAGE:  1
STEPS:
[0.66071429 0.69897959 0.7372449  0.7755102  0.81377551 0.85204082
 0.89030612 0.92857143]
EFF:
[0.6260962296191734, 0.6583923913371724, 0.6961932185845541, 0.7014771913905148, 0.6987455362634178, 0.6726232357571593, 0.6606766288270087, 0.636599828766809]
--------------------------------------------------------------------
FREQUENCY = 1.0

STAGE:  0
STEPS:
[0.5        0.64285714 0.78571429 0.92857143 1.07142857 1.21428571
 1.35714286 1.5       ]
EFF:
[0.30392541073748214, 0.5521483578825561, 0.6998350923747962, 0.6540451965337344, 0.5358866555705825, 0.45441714878409867, 0.3935287655056781, 0.35986606420300143]

STAGE:  1
STEPS:
[0.66071429 0.69897959 0.7372449  0.7755102  0.81377551 0.85204082
 0.89030612 0.92857143]
EFF:
[0.5697247206613039, 0.6219807454231683, 0.6855960386312021, 0.6969102702646491, 0.7049594411871288, 0.6930839573842663, 0.6819013217894092, 0.6540451965337344]
--------------------------------------------------------------------
FREQUENCY = 1.1

STAGE:  0
STEPS:
[0.5        0.64285714 0.78571429 0.92857143 1.07142857 1.21428571
 1.35714286 1.5       ]
EFF:
[0.27025017437871696, 0.4890922020245328, 0.6913150808266615, 0.666816166623591, 0.550937340713157, 0.4558883415577814, 0.38142427140299684, 0.34680828360623506]

STAGE:  1
STEPS:
[0.66071429 0.69897959 0.7372449  0.7755102  0.81377551 0.85204082
 0.89030612 0.92857143]
EFF:
[0.5116255902229491, 0.5840308436491691, 0.6623648315101707, 0.6846959362430983, 0.7075875802012354, 0.707206448725417, 0.6982761991718416, 0.666816166623591]
--------------------------------------------------------------------
FREQUENCY = 1.2

STAGE:  0
STEPS:
[0.5        0.64285714 0.78571429 0.92857143 1.07142857 1.21428571
 1.35714286 1.5       ]
EFF:
[0.24627974475791164, 0.42355081738073724, 0.6714643679301567, 0.6728401688732818, 0.5641564488147222, 0.45580030724731435, 0.3699128798289064, 0.3322675555264434]
--------------------------------------------------------------------
FREQUENCY = 1.3

STAGE:  0
STEPS:
[0.5        0.64285714 0.78571429 0.92857143 1.07142857 1.21428571
 1.35714286 1.5       ]
EFF:
[0.23149659290385532, 0.3647283039689942, 0.6476786909644099, 0.6886325225171411, 0.5803153729248702, 0.45760107763700536, 0.36530693186252333, 0.3209849023388979]

STAGE:  1
STEPS:
[0.78571429 0.82397959 0.8622449  0.9005102  0.93877551 0.97704082
 1.01530612 1.05357143]
EFF:
[0.6476786909644099, 0.7034268499889894, 0.7107515556515785, 0.7096247878114172, 0.6857684208149893, 0.6686598880924417, 0.628132660227489, 0.5904406706427893]
--------------------------------------------------------------------
FREQUENCY = 1.4

STAGE:  0
STEPS:
[0.5        0.64285714 0.78571429 0.92857143 1.07142857 1.21428571
 1.35714286 1.5       ]
EFF:
[0.21921239885685184, 0.31217210693282155, 0.6171612617187999, 0.6995487088414887, 0.5925442389694131, 0.4557300329354659, 0.3601494249841552, 0.31089839015463544]

STAGE:  1
STEPS:
[0.78571429 0.82397959 0.8622449  0.9005102  0.93877551 0.97704082
 1.01530612 1.05357143]
EFF:
[0.6171612617187999, 0.6877500260971622, 0.7029769925663278, 0.7116505204116244, 0.6970722448066349, 0.680660880861196, 0.6350798126355547, 0.6042396402130695]
--------------------------------------------------------------------
FREQUENCY = 1.5

STAGE:  0
STEPS:
[0.5        0.64285714 0.78571429 0.92857143 1.07142857 1.21428571
 1.35714286 1.5       ]
EFF:
[0.20503301565826354, 0.26262888714833277, 0.5771365128711389, 0.702052338010881, 0.6004617832135201, 0.4515776168318109, 0.3542611283336351, 0.2996801134375307]

STAGE:  1
STEPS:
[0.80357143 0.84183673 0.88010204 0.91836735 0.95663265 0.99489796
 1.03316327 1.07142857]
EFF:
[0.6350649087152791, 0.6708237412996259, 0.696757483617322, 0.7033954411650015, 0.6954953007534881, 0.6704650785265864, 0.6243931410551067, 0.6004617832135201]
--------------------------------------------------------------------
FINAL RESULT:
FREQS:
[0.7 0.8 0.9 1.  1.1 1.2 1.3 1.4 1.5]
EFF:
[0.6882152669262575, 0.6974634137839019, 0.7014771913905148, 0.7049594411871288, 0.7075875802012354, 0.6728401688732818, 0.7107515556515785, 0.7116505204116244, 0.7033954411650015]
WG_FACTORS:
[np.float64(0.7857142857142857), np.float64(0.7576530612244897), np.float64(0.7755102040816326), np.float64(0.8137755102040817), np.float64(0.8137755102040817), np.float64(0.9285714285714286), np.float64(0.8622448979591837), np.float64(0.9005102040816326), np.float64(0.9183673469387755)]
FREQUENCY = 1.6

STAGE:  0
STEPS:
[0.5        0.64285714 0.78571429 0.92857143 1.07142857 1.21428571
 1.35714286 1.5       ]
EFF:
[0.19519989307945837, 0.22599864532053499, 0.5394827178182887, 0.7053667150469033, 0.6125608359489848, 0.45153639604309226, 0.3518931489092051, 0.2905571627060486]

STAGE:  1
STEPS:
[0.80357143 0.84183673 0.88010204 0.91836735 0.95663265 0.99489796
 1.03316327 1.07142857]
EFF:
[0.6127790218128489, 0.6460335975971606, 0.6851407652143813, 0.7057978774299665, 0.701431416955718, 0.6784157374768623, 0.6382382221399509, 0.6125608359489848]
--------------------------------------------------------------------
FREQUENCY = 1.7333333333333334

STAGE:  0
STEPS:
[0.5        0.64285714 0.78571429 0.92857143 1.07142857 1.21428571
 1.35714286 1.5       ]
EFF:
[0.1777215068395379, 0.20093252433096048, 0.47742956724451435, 0.7021143086397975, 0.613459026241567, 0.46616450238400353, 0.3320047528901601, 0.27374942681162795]

STAGE:  1
STEPS:
[0.80357143 0.84183673 0.88010204 0.91836735 0.95663265 0.99489796
 1.03316327 1.07142857]
EFF:
[0.5301859666439951, 0.6324579410973699, 0.6646806923296172, 0.6986396835547535, 0.6992488370415446, 0.6877519061531753, 0.6431833272440183, 0.613459026241567]
--------------------------------------------------------------------
FREQUENCY = 1.8666666666666667

STAGE:  0
STEPS:
[0.5        0.64285714 0.78571429 0.92857143 1.07142857 1.21428571
 1.35714286 1.5       ]
EFF:
[0.15629291550272598, 0.16491605676258195, 0.4163520176852025, 0.6884089518515465, 0.6166360097014619, 0.458016502002481, 0.3191663620744372, 0.2553548430160651]

STAGE:  1
STEPS:
[0.80357143 0.84183673 0.88010204 0.91836735 0.95663265 0.99489796
 1.03316327 1.07142857]
EFF:
[0.4796872539437467, 0.5828617974929611, 0.6279938010009297, 0.6815212706469727, 0.6894565436611512, 0.6825356148143424, 0.6359401631419205, 0.6166360097014619]
--------------------------------------------------------------------
FREQUENCY = 2.0

STAGE:  0
STEPS:
[0.5        0.64285714 0.78571429 0.92857143 1.07142857 1.21428571
 1.35714286 1.5       ]
EFF:
[0.14113585142916243, 0.14382530510385447, 0.3685842376722066, 0.6752287470999812, 0.6189643708672709, 0.4499352912871201, 0.3092124999442277, 0.24115455616564524]

STAGE:  1
STEPS:
[0.80357143 0.84183673 0.88010204 0.91836735 0.95663265 0.99489796
 1.03316327 1.07142857]
EFF:
[0.44148123104706255, 0.5388074141320579, 0.5964357805347602, 0.6698551617306876, 0.6799250329144846, 0.6778894196653699, 0.639362227176859, 0.6189643708672709]
--------------------------------------------------------------------













FREQUENCY = 1.6

STAGE:  0
STEPS:
[0.5        0.64285714 0.78571429 0.92857143 1.07142857 1.21428571
 1.35714286 1.5       ]
EFF:
[0.19519989307945837, 0.22599864532053499, 0.5394827178182887, 0.7053667150469033, 0.6125608359489848, 0.45153639604309226, 0.3518931489092051, 0.2905571627060486]

STAGE:  1
STEPS:
[0.80357143 0.84183673 0.88010204 0.91836735 0.95663265 0.99489796
 1.03316327 1.07142857]
EFF:
[0.6127790218128489, 0.6460335975971606, 0.6851407652143813, 0.7057978774299665, 0.701431416955718, 0.6784157374768623, 0.6382382221399509, 0.6125608359489848]
--------------------------------------------------------------------
FREQUENCY = 1.7000000000000002

STAGE:  0
STEPS:
[0.5        0.64285714 0.78571429 0.92857143 1.07142857 1.21428571
 1.35714286 1.5       ]
EFF:
[0.18280696503499325, 0.21032947838290436, 0.4909458703019328, 0.7044377189036242, 0.6119677065629078, 0.4676252266502962, 0.33794934446342034, 0.27822954761256313]

STAGE:  1
STEPS:
[0.80357143 0.84183673 0.88010204 0.91836735 0.95663265 0.99489796
 1.03316327 1.07142857]
EFF:
[0.5410373138316669, 0.6424011282334618, 0.6717747607843217, 0.7017332109972281, 0.7002410459240365, 0.6880002594713025, 0.6447218428817499, 0.6119677065629078]
--------------------------------------------------------------------
FREQUENCY = 1.8

STAGE:  0
STEPS:
[0.5        0.64285714 0.78571429 0.92857143 1.07142857 1.21428571
 1.35714286 1.5       ]
EFF:
[0.1641416226278084, 0.17924248108284097, 0.4442434464226478, 0.6946974859466245, 0.615090586989159, 0.46177328054803995, 0.3243461220244834, 0.2629206745970709]

STAGE:  1
STEPS:
[0.80357143 0.84183673 0.88010204 0.91836735 0.95663265 0.99489796
 1.03316327 1.07142857]
EFF:
[0.5025021228768618, 0.6064060813938916, 0.6452006958086929, 0.689033074834745, 0.694126457986922, 0.6849275085405646, 0.6384332489457746, 0.615090586989159]
--------------------------------------------------------------------
FREQUENCY = 1.9000000000000001

STAGE:  0
STEPS:
[0.5        0.64285714 0.78571429 0.92857143 1.07142857 1.21428571
 1.35714286 1.5       ]
EFF:
[0.1509057119096106, 0.1579588580297917, 0.4039132056410975, 0.6848185552539148, 0.6163606490442519, 0.454905089973879, 0.31540994080436097, 0.2504046306460107]

STAGE:  1
STEPS:
[0.80357143 0.84183673 0.88010204 0.91836735 0.95663265 0.99489796
 1.03316327 1.07142857]
EFF:
[0.46970395563038564, 0.5717712712283426, 0.6198975757973899, 0.6779859692109591, 0.6866706801799823, 0.6807573052904756, 0.6360159909292249, 0.6163606490442519]
--------------------------------------------------------------------
FREQUENCY = 2.0

STAGE:  0
STEPS:
[0.5        0.64285714 0.78571429 0.92857143 1.07142857 1.21428571
 1.35714286 1.5       ]
EFF:
[0.14113356557837306, 0.14382203027222343, 0.3685765943092001, 0.6752256370161309, 0.6189664556682422, 0.4499388404942314, 0.3092142938961527, 0.2411552169570265]

STAGE:  1
STEPS:
[0.80357143 0.84183673 0.88010204 0.91836735 0.95663265 0.99489796
 1.03316327 1.07142857]
EFF:
[0.44147338068751296, 0.5387999797364903, 0.5964293236482305, 0.6698515616278486, 0.679922625277651, 0.6778885475787509, 0.6393636851661061, 0.6189664556682422]
--------------------------------------------------------------------
FREQUENCY = 2.1

STAGE:  0
STEPS:
[0.5        0.64285714 0.78571429 0.92857143 1.07142857 1.21428571
 1.35714286 1.5       ]
EFF:
[0.13153670163507947, 0.13226390971522192, 0.335759514904317, 0.6655305641312792, 0.6230000657212671, 0.44601267006838835, 0.3040958832781803, 0.232790399746626]

STAGE:  1
STEPS:
[0.80357143 0.84183673 0.88010204 0.91836735 0.95663265 0.99489796
 1.03316327 1.07142857]
EFF:
[0.41551569006289873, 0.5060386949718838, 0.5735204094462785, 0.6624884354654965, 0.67354405689297, 0.6762803267971592, 0.6439150771256273, 0.6230000657212671]
--------------------------------------------------------------------
FREQUENCY = 2.2

STAGE:  0
STEPS:
[0.5        0.64285714 0.78571429 0.92857143 1.07142857 1.21428571
 1.35714286 1.5       ]
EFF:
[0.12179701431500069, 0.12169447925639915, 0.30389590593291266, 0.6520141166872254, 0.6255548669897617, 0.44186549042432377, 0.2997671422479522, 0.22491337242539816]

STAGE:  1
STEPS:
[0.80357143 0.84183673 0.88010204 0.91836735 0.95663265 0.99489796
 1.03316327 1.07142857]
EFF:
[0.38971837325708064, 0.4711511756350131, 0.5481414519944033, 0.6478113441612601, 0.6637940357179924, 0.6723638441510565, 0.6464981988639263, 0.6255548669897617]
--------------------------------------------------------------------
FREQUENCY = 2.3

STAGE:  0
STEPS:
[0.5        0.64285714 0.78571429 0.92857143 1.07142857 1.21428571
 1.35714286 1.5       ]
EFF:
[0.11287107158555902, 0.11257767990122322, 0.27489933906756625, 0.6357391176775976, 0.6269509541820733, 0.4373140854419972, 0.29535706363030995, 0.2165113515684172]
--------------------------------------------------------------------
FREQUENCY = 2.4

STAGE:  0
STEPS:
[0.5        0.64285714 0.78571429 0.92857143 1.07142857 1.21428571
 1.35714286 1.5       ]
EFF:
[0.10568095392550837, 0.1053380351659156, 0.24920452555668796, 0.6183902536672705, 0.6276732196184787, 0.43140079868166725, 0.29007406432297994, 0.2074962837737268]
--------------------------------------------------------------------
FREQUENCY = 2.5

STAGE:  0
STEPS:
[0.5        0.64285714 0.78571429 0.92857143 1.07142857 1.21428571
 1.35714286 1.5       ]
EFF:
[0.10052957285313685, 0.10063358631360116, 0.2291679565164326, 0.6007682711832737, 0.6265808782073455, 0.42376288046452176, 0.2849973736469017, 0.19975364337676227]

STAGE:  1
STEPS:
[0.92857143 0.96683673 1.00510204 1.04336735 1.08163265 1.11989796
 1.15816327 1.19642857]
EFF:
[0.6007682711832737, 0.6341012771304869, 0.6541626765066407, 0.6422964300081027, 0.6167009805477527, 0.5455527894161964, 0.5187771697604461, 0.46695932078257907]

STAGE:  2
STEPS:
[0.9716199  0.99553571 1.01945153 1.04336735]
EFF:
[0.6383571395234872, 0.6544778701219338, 0.6486900152468904, 0.6422964300081027]
--------------------------------------------------------------------
FINAL RESULT:
FREQS:
[1.6 1.7 1.8 1.9 2.  2.1 2.2 2.3 2.4 2.5]
EFF:
[0.7057978774299665, 0.7017332109972281, 0.694126457986922, 0.6866706801799823, 0.679922625277651, 0.6762803267971592, 0.6723638441510565, 0.6357391176775976, 0.6276732196184787, 0.6544778701219338]
WG_FACTORS:
[np.float64(0.9183673469387755), np.float64(0.9183673469387755), np.float64(0.9566326530612245), np.float64(0.9566326530612245), np.float64(0.9566326530612245), np.float64(0.9948979591836735), np.float64(0.9948979591836735), np.float64(0.9285714285714286), np.float64(1.0714285714285714), np.float64(0.9955357142857143)]
