FREQUENCY = 0.7

STAGE:  0
STEPS:
[0.5        0.64285714 0.78571429 0.92857143 1.07142857 1.21428571
 1.35714286 1.5       ]
EFF:
[0.356768556967484, 0.4455938132904309, 0.4501170626356624, 0.39123512167246877, 0.34290477391008783, 0.3020505930792876, 0.27548470167369693, 0.26000686055842726]
--------------------------------------------------------------------
FREQUENCY = 0.7999999999999999

STAGE:  0
STEPS:
[0.5        0.64285714 0.78571429 0.92857143 1.07142857 1.21428571
 1.35714286 1.5       ]
EFF:
[0.28993599520471536, 0.41340017455180283, 0.4543313899086697, 0.3995540622478613, 0.34155178122080393, 0.2903435040073004, 0.2630643536444199, 0.24602257358284532]

STAGE:  1
STEPS:
[0.64285714 0.68112245 0.71938776 0.75765306 0.79591837 0.83418367
 0.87244898 0.91071429]
EFF:
[0.41340017455180283, 0.43903234258485724, 0.4541018526408947, 0.45654057756820293, 0.4509340270733606, 0.4415356874940516, 0.4303772488458774, 0.40321587420403654]
--------------------------------------------------------------------
FREQUENCY = 0.8999999999999999

STAGE:  0
STEPS:
[0.5        0.64285714 0.78571429 0.92857143 1.07142857 1.21428571
 1.35714286 1.5       ]
EFF:
[0.23217220195200014, 0.40164742384956903, 0.45871317299957715, 0.4162101173942934, 0.3381970471541371, 0.29337952931944494, 0.2613989986305938, 0.23977142309141736]

STAGE:  1
STEPS:
[0.66071429 0.69897959 0.7372449  0.7755102  0.81377551 0.85204082
 0.89030612 0.92857143]
EFF:
[0.4093428453078893, 0.43045813414808987, 0.45517238324977677, 0.4586270542102409, 0.4568410931562894, 0.43976228592289707, 0.4319515727430121, 0.4162101173942934]
--------------------------------------------------------------------
FREQUENCY = 1.0

STAGE:  0
STEPS:
[0.5        0.64285714 0.78571429 0.92857143 1.07142857 1.21428571
 1.35714286 1.5       ]
EFF:
[0.1988821561413199, 0.36131383571748543, 0.4579568117622159, 0.4279929032089331, 0.3506725326079961, 0.29736066529769367, 0.25751663606372105, 0.23548849896135707]

STAGE:  1
STEPS:
[0.66071429 0.69897959 0.7372449  0.7755102  0.81377551 0.85204082
 0.89030612 0.92857143]
EFF:
[0.3728154239462458, 0.407010626153246, 0.44863908573507494, 0.4560428720025085, 0.4613100737949757, 0.45353901635623234, 0.4462213436645966, 0.4279929032089331]
--------------------------------------------------------------------
FREQUENCY = 1.1

STAGE:  0
STEPS:
[0.5        0.64285714 0.78571429 0.92857143 1.07142857 1.21428571
 1.35714286 1.5       ]
EFF:
[0.17679620878270577, 0.31996148480536324, 0.4522546031485148, 0.4362275454033977, 0.3604202414996956, 0.29823969809063866, 0.24952570438402769, 0.22688011157430898]

STAGE:  1
STEPS:
[0.66071429 0.69897959 0.7372449  0.7755102  0.81377551 0.85204082
 0.89030612 0.92857143]
EFF:
[0.3347027060225833, 0.3820698329120853, 0.43331550594261575, 0.44792439440600856, 0.46289998461203247, 0.46265065045294324, 0.4568085292843438, 0.4362275454033977]
--------------------------------------------------------------------
FREQUENCY = 1.2

STAGE:  0
STEPS:
[0.5        0.64285714 0.78571429 0.92857143 1.07142857 1.21428571
 1.35714286 1.5       ]
EFF:
[0.16123773008035924, 0.27729593611233017, 0.43960330810527876, 0.44050403593951437, 0.3693495188022766, 0.29840946515000144, 0.24217953096276928, 0.2175333845870912]
--------------------------------------------------------------------
FREQUENCY = 1.3

STAGE:  0
STEPS:
[0.5        0.64285714 0.78571429 0.92857143 1.07142857 1.21428571
 1.35714286 1.5       ]
EFF:
[0.15149575455119624, 0.2386851094560564, 0.4238532013088225, 0.45065416427340654, 0.37976937023615226, 0.2994628113980512, 0.239063774507818, 0.21005859900309373]

STAGE:  1
STEPS:
[0.78571429 0.82397959 0.8622449  0.9005102  0.93877551 0.97704082
 1.01530612 1.05357143]
EFF:
[0.4238532013088225, 0.46033585235058694, 0.46512927845375307, 0.4643919002400696, 0.4487798418782642, 0.43758369405788294, 0.4110619086257353, 0.38639555681881493]
--------------------------------------------------------------------
FREQUENCY = 1.4

STAGE:  0
STEPS:
[0.5        0.64285714 0.78571429 0.92857143 1.07142857 1.21428571
 1.35714286 1.5       ]
EFF:
[0.14353086719057287, 0.2043968929423338, 0.4040906972090219, 0.4580344603939635, 0.38797252761051837, 0.29839245942803666, 0.23581038096261056, 0.20356291788124425]

STAGE:  1
STEPS:
[0.78571429 0.82397959 0.8622449  0.9005102  0.93877551 0.97704082
 1.01530612 1.05357143]
EFF:
[0.4040906972090219, 0.4503091894930895, 0.46027915338837216, 0.46595820703556085, 0.4564129780674965, 0.4456675215552162, 0.41582299504113357, 0.3956301742190019]
--------------------------------------------------------------------
FREQUENCY = 1.5

STAGE:  0
STEPS:
[0.5        0.64285714 0.78571429 0.92857143 1.07142857 1.21428571
 1.35714286 1.5       ]
EFF:
[0.1341852318172808, 0.17187923608679156, 0.3777108604738487, 0.45946285978093027, 0.3929762400423271, 0.29553799910482637, 0.23184857071278409, 0.19612765955541536]

STAGE:  1
STEPS:
[0.80357143 0.84183673 0.88010204 0.91836735 0.95663265 0.99489796
 1.03316327 1.07142857]
EFF:
[0.41562248753641384, 0.43902509527956596, 0.4559976068217549, 0.46034186264547666, 0.45517156278374665, 0.438790366022963, 0.4086382776383984, 0.3929762400423271]
--------------------------------------------------------------------
FREQUENCY = 1.6

STAGE:  0
STEPS:
[0.5        0.64285714 0.78571429 0.92857143 1.07142857 1.21428571
 1.35714286 1.5       ]
EFF:
[0.12780777309600153, 0.14797026059838841, 0.3531912842807337, 0.46177959958141857, 0.40102267477937964, 0.2956106268195065, 0.23038173959932015, 0.1902298551617133]

STAGE:  1
STEPS:
[0.80357143 0.84183673 0.88010204 0.91836735 0.95663265 0.99489796
 1.03316327 1.07142857]
EFF:
[0.4011729229358566, 0.4229418747954782, 0.44854134200158635, 0.46206202127643414, 0.45920283059706113, 0.4441347728839844, 0.4178322814007371, 0.40102267477937964]
--------------------------------------------------------------------
FREQUENCY = 1.7

STAGE:  0
STEPS:
[0.5        0.64285714 0.78571429 0.92857143 1.07142857 1.21428571
 1.35714286 1.5       ]
EFF:
[0.1196104603458046, 0.13761842022188514, 0.3212255153431648, 0.46091307203136933, 0.40041001219369743, 0.3059668356632114, 0.22112000304306934, 0.1820453846787124]

STAGE:  1
STEPS:
[0.80357143 0.84183673 0.88010204 0.91836735 0.95663265 0.99489796
 1.03316327 1.07142857]
EFF:
[0.3540003093387345, 0.42032257720573885, 0.43954172299027805, 0.45914351453321184, 0.4581671920430807, 0.45015805463233627, 0.42184101906247773, 0.40041001219369743]
--------------------------------------------------------------------
FREQUENCY = 1.8

STAGE:  0
STEPS:
[0.5        0.64285714 0.78571429 0.92857143 1.07142857 1.21428571
 1.35714286 1.5       ]
EFF:
[0.10741494495039848, 0.1172970080961315, 0.29071471682880573, 0.4546128581861286, 0.402517779970791, 0.302186311525041, 0.21225342045712592, 0.17205635801593078]

STAGE:  1
STEPS:
[0.80357143 0.84183673 0.88010204 0.91836735 0.95663265 0.99489796
 1.03316327 1.07142857]
EFF:
[0.3288394314747805, 0.39683460421376626, 0.4222219575555008, 0.450906044533271, 0.45423917516853307, 0.44821934526455737, 0.4177933128242164, 0.402517779970791]
--------------------------------------------------------------------
FREQUENCY = 1.9000000000000001

STAGE:  0
STEPS:
[0.5        0.64285714 0.78571429 0.92857143 1.07142857 1.21428571
 1.35714286 1.5       ]
EFF:
[0.09872692658648642, 0.10334130088948147, 0.2642518225189951, 0.4480283110165767, 0.40324114825712964, 0.2976122033642513, 0.20635040036849006, 0.16382202683959848]

STAGE:  1
STEPS:
[0.80357143 0.84183673 0.88010204 0.91836735 0.95663265 0.99489796
 1.03316327 1.07142857]
EFF:
[0.30729405373786967, 0.3740694742730117, 0.4055551090971804, 0.4435582335614384, 0.44924002526709095, 0.44537132261026646, 0.4161002472982073, 0.40324114825712964]
--------------------------------------------------------------------
FREQUENCY = 2.0

STAGE:  0
STEPS:
[0.5        0.64285714 0.78571429 0.92857143 1.07142857 1.21428571
 1.35714286 1.5       ]
EFF:
[0.09236310075098537, 0.09412253291983877, 0.24121035258427814, 0.441892991832171, 0.4050748726717261, 0.29445685925983883, 0.20236143587625488, 0.15782102230003295]

STAGE:  1
STEPS:
[0.80357143 0.84183673 0.88010204 0.91836735 0.95663265 0.99489796
 1.03316327 1.07142857]
EFF:
[0.2889167447319652, 0.35261092291610197, 0.39032572786785125, 0.43837599525876786, 0.4449668771850077, 0.44363570041873723, 0.4184235849743711, 0.4050748726717261]
--------------------------------------------------------------------
FREQUENCY = 2.1

STAGE:  0
STEPS:
[0.5        0.64285714 0.78571429 0.92857143 1.07142857 1.21428571
 1.35714286 1.5       ]
EFF:
[0.08606536127329863, 0.08654117848142627, 0.21968974128115842, 0.43546118861403044, 0.4076331933451043, 0.2918291328940179, 0.1989720110868251, 0.1523163467389682]

STAGE:  1
STEPS:
[0.80357143 0.84183673 0.88010204 0.91836735 0.95663265 0.99489796
 1.03316327 1.07142857]
EFF:
[0.2718747508144156, 0.33110457050877407, 0.37525831667532283, 0.4334707030734487, 0.4407044715991038, 0.44249483166529, 0.4213180279971492, 0.4076331933451043]
--------------------------------------------------------------------
FREQUENCY = 2.2

STAGE:  0
STEPS:
[0.5        0.64285714 0.78571429 0.92857143 1.07142857 1.21428571
 1.35714286 1.5       ]
EFF:
[0.07971768166970498, 0.07965057118093354, 0.1989037024112245, 0.42675146094960187, 0.4094335483844671, 0.28920653518955775, 0.1962013745177354, 0.14720863829959632]

STAGE:  1
STEPS:
[0.80357143 0.84183673 0.88010204 0.91836735 0.95663265 0.99489796
 1.03316327 1.07142857]
EFF:
[0.25507558945405867, 0.3083743854380625, 0.35876549212485903, 0.42400069333645996, 0.4344615664942329, 0.44007061417474913, 0.42314122318123776, 0.4094335483844671]
--------------------------------------------------------------------
FREQUENCY = 2.3

STAGE:  0
STEPS:
[0.5        0.64285714 0.78571429 0.92857143 1.07142857 1.21428571
 1.35714286 1.5       ]
EFF:
[0.0738666216431364, 0.0736746162671296, 0.1799033639320047, 0.4160490390457197, 0.410297769577441, 0.2861930309935246, 0.19329158625263895, 0.14169230311262973]
--------------------------------------------------------------------
FREQUENCY = 2.4000000000000004

STAGE:  0
STEPS:
[0.5        0.64285714 0.78571429 0.92857143 1.07142857 1.21428571
 1.35714286 1.5       ]
EFF:
[0.06917792315194791, 0.06895330668311837, 0.16313584068982856, 0.40482058778520846, 0.41089523294086183, 0.28240570613763283, 0.189887575906432, 0.13582916025552041]
--------------------------------------------------------------------
FREQUENCY = 2.5

STAGE:  0
STEPS:
[0.5        0.64285714 0.78571429 0.92857143 1.07142857 1.21428571
 1.35714286 1.5       ]
EFF:
[0.06579718251880777, 0.06586525992576721, 0.1499917430704911, 0.3932062821782996, 0.4101007816519052, 0.27735523785974026, 0.18653241706916215, 0.13073990626876072]

STAGE:  1
STEPS:
[0.92857143 0.96683673 1.00510204 1.04336735 1.08163265 1.11989796
 1.15816327 1.19642857]
EFF:
[0.3932062821782996, 0.41502292591768325, 0.4281532269711239, 0.4203867005200657, 0.40363433191850134, 0.35706743239924255, 0.3395426356300637, 0.3056275560155347]
--------------------------------------------------------------------
FINAL RESULT:
FREQS:
[0.7 0.8 0.9 1.  1.1 1.2 1.3 1.4 1.5 1.6 1.7 1.8 1.9 2.  2.1 2.2 2.3 2.4
 2.5]
EFF:
[0.4501170626356624, 0.45654057756820293, 0.4586270542102409, 0.4613100737949757, 0.46289998461203247, 0.44050403593951437, 0.46512927845375307, 0.46595820703556085, 0.46034186264547666, 0.46206202127643414, 0.45914351453321184, 0.45423917516853307, 0.44924002526709095, 0.4449668771850077, 0.44249483166529, 0.44007061417474913, 0.4160490390457197, 0.41089523294086183, 0.4281532269711239]
WG_FACTORS:
[np.float64(0.7857142857142857), np.float64(0.7576530612244897), np.float64(0.7755102040816326), np.float64(0.8137755102040817), np.float64(0.8137755102040817), np.float64(0.9285714285714286), np.float64(0.8622448979591837), np.float64(0.9005102040816326), np.float64(0.9183673469387755), np.float64(0.9183673469387755), np.float64(0.9183673469387755), np.float64(0.9566326530612245), np.float64(0.9566326530612245), np.float64(0.9566326530612245), np.float64(0.9948979591836735), np.float64(0.9948979591836735), np.float64(0.9285714285714286), np.float64(1.0714285714285714), np.float64(1.0051020408163265)]
