FREQUENCY = 0.7

STAGE:  0
STEPS:
[0.5 0.6 0.7 0.8 0.9 1.  1.1 1.2 1.3 1.4 1.5]
EFF:
[0.5559129570815604, 0.6681087701439922, 0.7032662805635121, 0.6769662284945112, 0.6208754711511187, 0.5606995290885208, 0.5086495220474975, 0.46811456252511463, 0.43813669324200055, 0.41596288475549276, 0.3987304269311794]

STAGE:  1
STEPS:
[0.60909091 0.62818182 0.64727273 0.66636364 0.68545455 0.70454545
 0.72363636 0.74272727 0.76181818 0.78090909 0.8       ]
EFF:
[0.6745823305488086, 0.6807164720716172, 0.6875191510875456, 0.6946732748834081, 0.7010311784370247, 0.7029030933779804, 0.7012761270734141, 0.6992924661249773, 0.6957333352808474, 0.689252097981683, 0.6769662284945112]
--------------------------------------------------------------------
FREQUENCY = 0.7999999999999999

STAGE:  0
STEPS:
[0.5 0.6 0.7 0.8 0.9 1.  1.1 1.2 1.3 1.4 1.5]
EFF:
[0.4574617173876389, 0.6131017699043791, 0.6960205419931157, 0.6859785244372004, 0.6288651867289597, 0.5608907506006697, 0.5012648199175878, 0.4548692843465386, 0.42082494840637935, 0.3966557731471931, 0.3786639901103818]

STAGE:  1
STEPS:
[0.60909091 0.65681818 0.70454545 0.75227273 0.8       ]
EFF:
[0.6182503604739635, 0.6539245504199515, 0.6965298971514978, 0.7004010622479051, 0.6859785244372004]
--------------------------------------------------------------------
FREQUENCY = 0.8999999999999999

STAGE:  0
STEPS:
[0.5 0.6 0.7 0.8 0.9 1.  1.1 1.2 1.3 1.4 1.5]
EFF:
[0.37006384500424866, 0.5299862609000328, 0.6695190212019551, 0.7034522363079871, 0.6546702793871292, 0.5784219799865334, 0.5079918214617333, 0.45334694436149675, 0.4142179428375886, 0.38769732865084794, 0.3697900774560989]

STAGE:  1
STEPS:
[0.7        0.71909091 0.73818182 0.75727273 0.77636364 0.79545455
 0.81454545 0.83363636 0.85272727 0.87181818 0.89090909]
EFF:
[0.6695190212019551, 0.6871486139555649, 0.7023160703753825, 0.704809150638184, 0.7050796035058626, 0.7040287753800968, 0.7002337756715942, 0.6905588553997106, 0.67155985732466, 0.6662204246714187, 0.6590227026325303]
--------------------------------------------------------------------
FREQUENCY = 1.0

STAGE:  0
STEPS:
[0.5 0.6 0.7 0.8 0.9 1.  1.1 1.2 1.3 1.4 1.5]
EFF:
[0.3192166535884511, 0.46848679047978203, 0.6397866909682677, 0.710279281415261, 0.6783895190125372, 0.6022284514838387, 0.5245801825472074, 0.46147044481301536, 0.41553657080385414, 0.3843989255773002, 0.3650998493448126]

STAGE:  1
STEPS:
[0.70909091 0.72818182 0.74727273 0.76636364 0.78545455 0.80454545
 0.82363636 0.84272727 0.86181818 0.88090909 0.9       ]
EFF:
[0.6548121238208628, 0.6883660330770708, 0.698632707969433, 0.7034148092895168, 0.7078488753637427, 0.7106936385651379, 0.7087635062935002, 0.6973874395614422, 0.6932539440603823, 0.6873035869711318, 0.6783895190125372]
--------------------------------------------------------------------
FREQUENCY = 1.0999999999999999

STAGE:  0
STEPS:
[0.5 0.6 0.7 0.8 0.9 1.  1.1 1.2 1.3 1.4 1.5]
EFF:
[0.2841123284850168, 0.41447367535304364, 0.6055236426145741, 0.7096042490021021, 0.6957864903004525, 0.6201150114532874, 0.5354182440470147, 0.4648196293798247, 0.4124799796366987, 0.376058531849447, 0.3530059658641477]

STAGE:  1
STEPS:
[0.70909091 0.75681818 0.80454545 0.85227273 0.9       ]
EFF:
[0.6283126929843517, 0.6860490304303066, 0.711708101020767, 0.7112103059817352, 0.6957864903004525]
--------------------------------------------------------------------
FREQUENCY = 1.2

STAGE:  0
STEPS:
[0.5 0.6 0.7 0.8 0.9 1.  1.1 1.2 1.3 1.4 1.5]
EFF:
[0.2586887712686652, 0.36515584720648603, 0.5657538822277605, 0.700208793936664, 0.7061294793271894, 0.6341828783337755, 0.5447613789660537, 0.46728815499723203, 0.4086665035918357, 0.36699814138610803, 0.3392336827744419]

STAGE:  1
STEPS:
[0.8        0.84772727 0.89545455 0.94318182 0.99090909]
EFF:
[0.700208793936664, 0.71733140326665, 0.7084896291980202, 0.6681121039829975, 0.6423093016796212]
--------------------------------------------------------------------
FREQUENCY = 1.2999999999999998

STAGE:  0
STEPS:
[0.5 0.6 0.7 0.8 0.9 1.  1.1 1.2 1.3 1.4 1.5]
EFF:
[0.24338384612365158, 0.325852828590258, 0.5278429966279456, 0.6884405478715581, 0.7155224747509449, 0.6498927467939278, 0.5568336772282512, 0.4722757019397882, 0.40698757778488925, 0.36035633310814613, 0.3284785273258366]

STAGE:  1
STEPS:
[0.8        0.81909091 0.83818182 0.85727273 0.87636364 0.89545455
 0.91454545 0.93363636 0.95272727 0.97181818 0.99090909]
EFF:
[0.6884405478715581, 0.7139838925367961, 0.7170080905057419, 0.719467431659446, 0.7203518202258516, 0.71732455637682, 0.704668478969445, 0.6898153903347845, 0.6830242043719404, 0.6734179499216357, 0.6591919170603704]
--------------------------------------------------------------------
FREQUENCY = 1.4

STAGE:  0
STEPS:
[0.5 0.6 0.7 0.8 0.9 1.  1.1 1.2 1.3 1.4 1.5]
EFF:
[0.2301335911746051, 0.2915170562615207, 0.48815058233962944, 0.6701951701877912, 0.7187663805610246, 0.6606846156159523, 0.5641732937276343, 0.47325260484774234, 0.4029293153596726, 0.3526036258439962, 0.31796938331822805]

STAGE:  1
STEPS:
[0.8        0.81909091 0.83818182 0.85727273 0.87636364 0.89545455
 0.91454545 0.93363636 0.95272727 0.97181818 0.99090909]
EFF:
[0.6701951701877912, 0.7004960630942201, 0.7067566089193221, 0.713034987088541, 0.7182769435846479, 0.7196660928141703, 0.709463764477021, 0.7019889347199376, 0.6956677605678501, 0.6861450957402918, 0.6710604408035804]
--------------------------------------------------------------------
FREQUENCY = 1.5

STAGE:  0
STEPS:
[0.5 0.6 0.7 0.8 0.9 1.  1.1 1.2 1.3 1.4 1.5]
EFF:
[0.21617582097882268, 0.25472143869042396, 0.4433017815170735, 0.643351897563336, 0.7144513456450792, 0.6653019788187879, 0.5675438422702833, 0.4722783635631251, 0.39769937574087044, 0.34417475375094697, 0.3070435095229588]

STAGE:  1
STEPS:
[0.80909091 0.82818182 0.84727273 0.86636364 0.88545455 0.90454545
 0.92363636 0.94272727 0.96181818 0.98090909 1.        ]
EFF:
[0.669669922709365, 0.6792199414101081, 0.6898172184112427, 0.7009678693398158, 0.7108937284441612, 0.7139453022686275, 0.7079210111793739, 0.7038066807268404, 0.697076480985432, 0.6856625197282898, 0.6653019788187879]
--------------------------------------------------------------------
FREQUENCY = 1.5999999999999999

STAGE:  0
STEPS:
[0.5 0.6 0.7 0.8 0.9 1.  1.1 1.2 1.3 1.4 1.5]
EFF:
[0.2068228094785214, 0.2240727576741373, 0.4056773677257926, 0.6213504848578166, 0.7145286599354982, 0.674705107653145, 0.5762902196554139, 0.4765497379093117, 0.3967362334762083, 0.3386244981893493, 0.2980357294376786]

STAGE:  1
STEPS:
[0.80909091 0.82818182 0.84727273 0.86636364 0.88545455 0.90454545
 0.92363636 0.94272727 0.96181818 0.98090909 1.        ]
EFF:
[0.6424675712519453, 0.6557977372695807, 0.6711545104029744, 0.688273767025173, 0.7053702790781852, 0.7155084474443585, 0.7140689976306529, 0.7114728997393771, 0.7061916875473883, 0.6957382984522609, 0.674705107653145]
--------------------------------------------------------------------
FREQUENCY = 1.6999999999999997

STAGE:  0
STEPS:
[0.5 0.6 0.7 0.8 0.9 1.  1.1 1.2 1.3 1.4 1.5]
EFF:
[0.1949176822362058, 0.197991041336672, 0.3214621441119153, 0.5592469039133602, 0.7040279232706864, 0.6888785399221675, 0.590112415109854, 0.48106157562266266, 0.39261373993906823, 0.3288995877351211, 0.2852357628642824]

STAGE:  1
STEPS:
[0.80909091 0.82818182 0.84727273 0.86636364 0.88545455 0.90454545
 0.92363636 0.94272727 0.96181818 0.98090909 1.        ]
EFF:
[0.5874158984322111, 0.6561180912166611, 0.6673780861253308, 0.6800514819875805, 0.6937659832019372, 0.7069348844728468, 0.7142760857853228, 0.7093685144307094, 0.7056762571301073, 0.6994924045416798, 0.6888785399221675]
--------------------------------------------------------------------
FREQUENCY = 1.7999999999999998

STAGE:  0
STEPS:
[0.5 0.6 0.7 0.8 0.9 1.  1.1 1.2 1.3 1.4 1.5]
EFF:
[0.17728133673161722, 0.17764818426848192, 0.28303966444693246, 0.5207572065966609, 0.6859895420646441, 0.6860496355579208, 0.5897597887067434, 0.4765193175141091, 0.38304116395192017, 0.3158166871783658, 0.26998348128042343]

STAGE:  1
STEPS:
[0.9        0.94772727 0.99545455 1.04318182 1.09090909]
EFF:
[0.6859895420646441, 0.7026200546917509, 0.6890415591113641, 0.6298136052234595, 0.5991163785582282]

STAGE:  2
STEPS:
[0.90954545 0.93102273 0.9525     0.97397727 0.99545455]
EFF:
[0.6950097205015029, 0.7037149237638584, 0.7021074875634697, 0.6980601623583169, 0.6890415591113641]
--------------------------------------------------------------------
FREQUENCY = 1.9

STAGE:  0
STEPS:
[0.5 0.6 0.7 0.8 0.9 1.  1.1 1.2 1.3 1.4 1.5]
EFF:
[0.1653986743067955, 0.16424287375721536, 0.2540173314219929, 0.4889529449814221, 0.6712157460583664, 0.6842943940761399, 0.5897490921858719, 0.4729372891400663, 0.3756975239808429, 0.30584850527686996, 0.2584642202809952]

STAGE:  1
STEPS:
[0.9        0.94772727 0.99545455 1.04318182 1.09090909]
EFF:
[0.6712157460583664, 0.6974962311655455, 0.6871979276799283, 0.6335568875632471, 0.6002552318689736]

STAGE:  2
STEPS:
[0.90954545 0.93102273 0.9525     0.97397727 0.99545455]
EFF:
[0.6836809599119331, 0.697299283964378, 0.6973642456025235, 0.6950013746457977, 0.6871979276799283]
--------------------------------------------------------------------
FREQUENCY = 1.9999999999999998

STAGE:  0
STEPS:
[0.5 0.6 0.7 0.8 0.9 1.  1.1 1.2 1.3 1.4 1.5]
EFF:
[0.15615285103507281, 0.1546294282945425, 0.2305123046627322, 0.46042201357181545, 0.6578562117497715, 0.6833692035811747, 0.5908347903160435, 0.4710387875215664, 0.3703061095773687, 0.2981280911165476, 0.24954130177783976]

STAGE:  1
STEPS:
[0.9        0.91909091 0.93818182 0.95727273 0.97636364 0.99545455
 1.01454545 1.03363636 1.05272727 1.07181818 1.09090909]
EFF:
[0.6578562117497715, 0.6874236367063817, 0.6915080140216575, 0.6929148311538778, 0.6920718508846733, 0.6861321497177136, 0.6684030304482487, 0.6422779540261934, 0.6331916014557061, 0.6206215067043923, 0.6024671503099869]
--------------------------------------------------------------------
FREQUENCY = 2.0999999999999996

STAGE:  0
STEPS:
[0.5 0.6 0.7 0.8 0.9 1.  1.1 1.2 1.3 1.4 1.5]
EFF:
[0.1472498934723463, 0.14593764603848247, 0.2101522510293668, 0.43414214784183836, 0.6457361658281972, 0.6836820389988232, 0.5932317767867877, 0.47026840045414553, 0.3659413465745498, 0.29127069418592216, 0.24163829867389766]

STAGE:  1
STEPS:
[0.9        0.91909091 0.93818182 0.95727273 0.97636364 0.99545455
 1.01454545 1.03363636 1.05272727 1.07181818 1.09090909]
EFF:
[0.6457361658281972, 0.6812841529387256, 0.6855325876015492, 0.6890436877842679, 0.6903930805539424, 0.6862222387338249, 0.6682046950598066, 0.6480891366857524, 0.638792690439518, 0.6256123624991059, 0.6060445835029064]
--------------------------------------------------------------------
FREQUENCY = 2.1999999999999997

STAGE:  0
STEPS:
[0.5 0.6 0.7 0.8 0.9 1.  1.1 1.2 1.3 1.4 1.5]
EFF:
[0.13784596442848335, 0.13679630696641526, 0.19110524610990118, 0.407721706496072, 0.6313833676898353, 0.6818867911629185, 0.5944199800057616, 0.46933305630536953, 0.3617668300820939, 0.2848672685001869, 0.23403186084984354]

STAGE:  1
STEPS:
[0.9        0.91909091 0.93818182 0.95727273 0.97636364 0.99545455
 1.01454545 1.03363636 1.05272727 1.07181818 1.09090909]
EFF:
[0.6313833676898353, 0.6695482709801629, 0.6759182970665333, 0.6818729128589158, 0.6858767355867705, 0.6840591052469533, 0.6662527932977795, 0.6521040649496197, 0.6427993420039427, 0.629210103521807, 0.6083828047654797]
--------------------------------------------------------------------
FREQUENCY = 2.3

STAGE:  0
STEPS:
[0.5 0.6 0.7 0.8 0.9 1.  1.1 1.2 1.3 1.4 1.5]
EFF:
[0.12927975336084363, 0.12833422100386557, 0.17503961420501526, 0.38343051234944187, 0.6166136707349495, 0.6790094459521131, 0.5950663446763336, 0.4681063549743876, 0.35750649079218927, 0.2780376270938129, 0.22571066357885708]

STAGE:  1
STEPS:
[0.9        0.91909091 0.93818182 0.95727273 0.97636364 0.99545455
 1.01454545 1.03363636 1.05272727 1.07181818 1.09090909]
EFF:
[0.6166136707349495, 0.6554326147424805, 0.6640829288908003, 0.6727292426990923, 0.6797481723217448, 0.6807204156015279, 0.6633462099332827, 0.6548155920658063, 0.6457016992902144, 0.6319384103421946, 0.6100939536853248]
--------------------------------------------------------------------
FREQUENCY = 2.4

STAGE:  0
STEPS:
[0.5 0.6 0.7 0.8 0.9 1.  1.1 1.2 1.3 1.4 1.5]
EFF:
[0.12213802272799956, 0.12134489418837377, 0.16154644659662334, 0.3610913429428609, 0.6017618201175513, 0.6749182796417602, 0.5941855828580619, 0.4651267316222176, 0.35146132177292616, 0.2698947876982077, 0.21648813467195613]

STAGE:  1
STEPS:
[0.9        0.91909091 0.93818182 0.95727273 0.97636364 0.99545455
 1.01454545 1.03363636 1.05272727 1.07181818 1.09090909]
EFF:
[0.6017618201175513, 0.6393499676304816, 0.650354870540479, 0.6618312220574943, 0.6720860934957181, 0.6761178986136613, 0.6616083588236508, 0.655775204079564, 0.6469708654513413, 0.6331455940066589, 0.610327114217894]
--------------------------------------------------------------------
FREQUENCY = 2.5

STAGE:  0
STEPS:
[0.5 0.6 0.7 0.8 0.9 1.  1.1 1.2 1.3 1.4 1.5]
EFF:
[0.11728442568297198, 0.116961705003082, 0.14808942686382834, 0.3440812749272584, 0.5892929346383105, 0.6705910664120227, 0.5920613689565245, 0.46109019299054516, 0.34533031631199795, 0.2627784909285432, 0.20896101150969892]

STAGE:  1
STEPS:
[0.90909091 0.92818182 0.94727273 0.96636364 0.98545455 1.00454545
 1.02363636 1.04272727 1.06181818 1.08090909 1.1       ]
EFF:
[0.6172016432169319, 0.6297047823332451, 0.6434927797372276, 0.6576639732736351, 0.6691303211446368, 0.6682108889244885, 0.6586832166446557, 0.6520458915040245, 0.6413883626495562, 0.6235532146011007, 0.5920613689565245]
--------------------------------------------------------------------
FREQUENCY = 2.5999999999999996

STAGE:  0
STEPS:
[0.5 0.6 0.7 0.8 0.9 1.  1.1 1.2 1.3 1.4 1.5]
EFF:
[0.11223169114525477, 0.11217191402668854, 0.1287936031938545, 0.28070201904387515, 0.5430856988636802, 0.6634211287136726, 0.5988577971678832, 0.4644087442055147, 0.34254272624254495, 0.25621706936325067, 0.2007766263539297]

STAGE:  1
STEPS:
[0.90909091 0.92818182 0.94727273 0.96636364 0.98545455 1.00454545
 1.02363636 1.04272727 1.06181818 1.08090909 1.1       ]
EFF:
[0.5744594872011576, 0.6274621207415814, 0.63782236400041, 0.6486632110750589, 0.6586273216126045, 0.6638359502025389, 0.6532621702539504, 0.6407536582355092, 0.6322488347495981, 0.6193466093972965, 0.5988577971678832]
--------------------------------------------------------------------
FREQUENCY = 2.6999999999999997

STAGE:  0
STEPS:
[0.5 0.6 0.7 0.8 0.9 1.  1.1 1.2 1.3 1.4 1.5]
EFF:
[0.10891990927896025, 0.10927671778747224, 0.12324805724023548, 0.2629681853078356, 0.5247828098181346, 0.6554681097844195, 0.5957603614192644, 0.46094193955791524, 0.33769611119333154, 0.2505554922471788, 0.19510395358540825]

STAGE:  1
STEPS:
[0.90909091 0.92818182 0.94727273 0.96636364 0.98545455 1.00454545
 1.02363636 1.04272727 1.06181818 1.08090909 1.1       ]
EFF:
[0.5598154513214126, 0.6098925894729039, 0.6223164111051038, 0.6356589494465525, 0.6485050585785589, 0.6564535716529222, 0.6462541979867625, 0.6384668255375102, 0.6302002500747581, 0.6171835995648624, 0.5957603614192644]
--------------------------------------------------------------------
FREQUENCY = 2.8

STAGE:  0
STEPS:
[0.5 0.6 0.7 0.8 0.9 1.  1.1 1.2 1.3 1.4 1.5]
EFF:
[0.10384034362454563, 0.10472262342838126, 0.11714392483134528, 0.24697594915020982, 0.5072867537778815, 0.6460202710401723, 0.5899964704753016, 0.45469080928930505, 0.3303255971238852, 0.24285761527423666, 0.18772849146087534]

STAGE:  1
STEPS:
[0.90909091 0.92818182 0.94727273 0.96636364 0.98545455 1.00454545
 1.02363636 1.04272727 1.06181818 1.08090909 1.1       ]
EFF:
[0.5458543470816499, 0.5912685474620882, 0.6056518414741607, 0.6213976001434404, 0.637020789098409, 0.647508085528874, 0.6386181398250689, 0.6335724240850026, 0.6255560097406972, 0.6124238721267198, 0.5899964704753016]
--------------------------------------------------------------------
FREQUENCY = 2.8999999999999995

STAGE:  0
STEPS:
[0.5 0.6 0.7 0.8 0.9 1.  1.1 1.2 1.3 1.4 1.5]
EFF:
[0.0983368205606588, 0.0997460350629363, 0.1111442782777844, 0.23199120644291715, 0.4891998031447418, 0.6341833486596877, 0.5818926117720261, 0.44663745948740585, 0.3216975658807981, 0.23417551094455438, 0.1795430996470958]

STAGE:  1
STEPS:
[0.90909091 0.92818182 0.94727273 0.96636364 0.98545455 1.00454545
 1.02363636 1.04272727 1.06181818 1.08090909 1.1       ]
EFF:
[0.5310904688424811, 0.570435153750525, 0.5866765509241415, 0.6047504602651518, 0.6231277056928359, 0.6361776335178501, 0.6304578481216779, 0.625900275982253, 0.6182572985566006, 0.6051611139943525, 0.5818926117720261]
--------------------------------------------------------------------
FREQUENCY = 3.0

STAGE:  0
STEPS:
[0.5 0.6 0.7 0.8 0.9 1.  1.1 1.2 1.3 1.4 1.5]
EFF:
[0.10105640261040941, 0.10301692153114124, 0.11058041405581258, 0.2180472855724426, 0.47104707339016455, 0.626543256526108, 0.5819433018119575, 0.4479053614269988, 0.32208841452564296, 0.2340302975807731, 0.1795251068166944]

STAGE:  1
STEPS:
[0.90909091 0.92818182 0.94727273 0.96636364 0.98545455 1.00454545
 1.02363636 1.04272727 1.06181818 1.08090909 1.1       ]
EFF:
[0.516995634908783, 0.5501237089312113, 0.5687258228900814, 0.5898898188842587, 0.612181160033207, 0.6295057526726097, 0.6280820038480515, 0.6244788331625282, 0.6177679375762967, 0.6053579544577868, 0.5819433018119575]
--------------------------------------------------------------------
FINAL RESULT:
FREQS:
[0.7 0.8 0.9 1.  1.1 1.2 1.3 1.4 1.5 1.6 1.7 1.8 1.9 2.  2.1 2.2 2.3 2.4
 2.5 2.6 2.7 2.8 2.9 3. ]
EFF:
[0.7029030933779804, 0.7004010622479051, 0.7050796035058626, 0.7106936385651379, 0.711708101020767, 0.71733140326665, 0.7203518202258516, 0.7196660928141703, 0.7139453022686275, 0.7155084474443585, 0.7142760857853228, 0.7037149237638584, 0.6973642456025235, 0.6929148311538778, 0.6903930805539424, 0.6858767355867705, 0.6807204156015279, 0.6761178986136613, 0.6691303211446368, 0.6638359502025389, 0.6564535716529222, 0.647508085528874, 0.6361776335178501, 0.6295057526726097]
PARAMETERS (wg_factor):
[np.float64(0.7045454545454546), np.float64(0.7522727272727273), np.float64(0.7763636363636364), np.float64(0.8045454545454546), np.float64(0.8045454545454546), np.float64(0.8477272727272728), np.float64(0.8763636363636365), np.float64(0.8954545454545455), np.float64(0.9045454545454545), np.float64(0.9045454545454545), np.float64(0.9236363636363636), np.float64(0.9310227272727273), np.float64(0.9524999999999999), np.float64(0.9572727272727273), np.float64(0.9763636363636363), np.float64(0.9763636363636363), np.float64(0.9954545454545454), np.float64(0.9954545454545454), np.float64(0.9854545454545455), np.float64(1.0045454545454546), np.float64(1.0045454545454546), np.float64(1.0045454545454546), np.float64(1.0045454545454546), np.float64(1.0045454545454546)]
