FREQUENCY = 0.7

STAGE:  0
STEPS:
[0.  0.1 0.2 0.3 0.4 0.5 0.6 0.7 0.8 0.9 1. ]
EFF:
[0.006378148294357453, 0.005570831886131387, 0.01808352457075609, 0.08665179657860009, 0.1225551443398356, 0.10620692565886646, 0.07369251800994017, 0.04593466742838113, 0.027147716257606317, 0.015622897005731613, 0.008862224805239282]

STAGE:  1
STEPS:
[0.30909091 0.32818182 0.34727273 0.36636364 0.38545455 0.40454545
 0.42363636 0.44272727 0.46181818 0.48090909 0.5       ]
EFF:
[0.09008859016082893, 0.10292983834975195, 0.1127610768955947, 0.117076047807176, 0.12282822183576399, 0.12196912297983845, 0.1262279008396752, 0.12185660508870838, 0.11664316679641115, 0.11309742040287445, 0.10620692565886646]
--------------------------------------------------------------------
FREQUENCY = 0.7999999999999999

STAGE:  0
STEPS:
[0.  0.1 0.2 0.3 0.4 0.5 0.6 0.7 0.8 0.9 1. ]
EFF:
[0.01172554770434206, 0.00814045573806876, 0.03687607839902195, 0.1136708260453916, 0.1302964476404654, 0.0938320068711293, 0.052027286536881795, 0.028120172237027643, 0.014395899935396446, 0.007546898076972608, 0.00384582751526605]

STAGE:  1
STEPS:
[0.3        0.31909091 0.33818182 0.35727273 0.37636364 0.39545455
 0.41454545 0.43363636 0.45272727 0.47181818 0.49090909]
EFF:
[0.1136708260453916, 0.13944640549771836, 0.12837260611471024, 0.1383563901762698, 0.13277608147033487, 0.12780735629523407, 0.12951194690454565, 0.11444732778180695, 0.11480810168182412, 0.09962634632793113, 0.09596288879260201]

STAGE:  2
STEPS:
[0.3        0.30909091 0.31818182 0.32727273 0.33636364 0.34545455
 0.35454545 0.36363636 0.37272727 0.38181818 0.39090909 0.4
 0.40909091 0.41818182 0.42727273 0.43636364 0.44545455 0.45454545
 0.46363636 0.47272727 0.48181818 0.49090909]
EFF:
[0.1136708260453916, 0.12244833477329428, 0.1393873445805395, 0.13832580957877094, 0.12899235086040506, 0.1285872326499013, 0.13479806154494797, 0.14357630364251836, 0.1374805821011562, 0.12864455798491903, 0.12678830703515856, 0.1302964476404654, 0.13287611822671402, 0.12412012968251938, 0.11663626775959786, 0.11407644948913973, 0.11532006432986985, 0.11443442819997587, 0.10515609086797345, 0.0992020986474092, 0.09642098215591907, 0.09596288879260201]
--------------------------------------------------------------------
FREQUENCY = 0.8999999999999999

STAGE:  0
STEPS:
[0.  0.1 0.2 0.3 0.4 0.5 0.6 0.7 0.8 0.9 1. ]
EFF:
[0.018401974452808435, 0.010589139328282447, 0.053186229481587154, 0.14731258114441081, 0.11557231298538244, 0.07175862855851521, 0.03513150163419435, 0.016705536061070253, 0.007892569371653852, 0.0034469003941311957, 0.001663598013421584]

STAGE:  1
STEPS:
[0.20909091 0.22818182 0.24727273 0.26636364 0.28545455 0.30454545
 0.32363636 0.34272727 0.36181818 0.38090909 0.4       ]
EFF:
[0.0683051221806372, 0.08376781253525259, 0.10620891801463468, 0.11965585605774318, 0.1306259727077797, 0.13972896435572085, 0.13763778298490512, 0.14249090803693473, 0.13069541888717717, 0.1324453079651636, 0.11557231298538244]
--------------------------------------------------------------------
FREQUENCY = 1.0

STAGE:  0
STEPS:
[0.  0.1 0.2 0.3 0.4 0.5 0.6 0.7 0.8 0.9 1. ]
EFF:
[0.018825398768132787, 0.011408815807499577, 0.08039843006532747, 0.15367939964465072, 0.10344851763816823, 0.049833049914698176, 0.022445373301392187, 0.009621477774323721, 0.003917471951770578, 0.001558010981949499, 0.000596672853883605]

STAGE:  1
STEPS:
[0.20909091 0.22818182 0.24727273 0.26636364 0.28545455 0.30454545
 0.32363636 0.34272727 0.36181818 0.38090909 0.4       ]
EFF:
[0.09507535284463851, 0.11798944444301716, 0.13666420911931582, 0.1484432544892689, 0.15504475336603185, 0.1528630882834716, 0.1464897643378428, 0.13725632162448684, 0.1267593212646681, 0.11453666709510901, 0.10344851763816823]
--------------------------------------------------------------------
FREQUENCY = 1.0999999999999999

STAGE:  0
STEPS:
[0.  0.1 0.2 0.3 0.4 0.5 0.6 0.7 0.8 0.9 1. ]
EFF:
[0.012891152840074482, 0.010027651536272582, 0.10549578345193976, 0.14894991701067806, 0.08635053021443412, 0.03751759221916197, 0.01460858043420444, 0.005533423314251727, 0.0020741670193004103, 0.0007455914840350513, 0.00026352193021269774]

STAGE:  1
STEPS:
[0.2        0.21909091 0.23818182 0.25727273 0.27636364 0.29545455
 0.31454545 0.33363636 0.35272727 0.37181818 0.39090909]
EFF:
[0.10549578345193976, 0.12606610345751734, 0.14387009590175717, 0.15533905500050416, 0.1539966444125454, 0.1499800934223678, 0.13903494681650228, 0.13108231636514434, 0.11565343764052723, 0.10592029627116659, 0.09000348809554515]
--------------------------------------------------------------------
FREQUENCY = 1.2

STAGE:  0
STEPS:
[0.  0.1 0.2 0.3 0.4 0.5 0.6 0.7 0.8 0.9 1. ]
EFF:
[0.006271456477942078, 0.007449966324268994, 0.13964020614257885, 0.14193933376513007, 0.06509098687831526, 0.0239308005832237, 0.007998478212279394, 0.002712404465515905, 0.0009378153202881877, 0.0003466509366441216, 0.00015521915896635964]

STAGE:  1
STEPS:
[0.2        0.24772727 0.29545455 0.34318182 0.39090909]
EFF:
[0.13964020614257885, 0.17487498155486272, 0.14372778984492315, 0.10653774075950491, 0.07150643039287692]

STAGE:  2
STEPS:
[0.20954545 0.23102273 0.2525     0.27397727 0.29545455]
EFF:
[0.14762511326855626, 0.16280240853344943, 0.1731810571361297, 0.16160082046101656, 0.14372778984492315]

STAGE:  3
STEPS:
[0.23102273 0.2406875  0.25035227 0.26001705 0.26968182]
EFF:
[0.16280240853344943, 0.16573039860723102, 0.17833944583582903, 0.16332093811055717, 0.1604032278010909]

STAGE:  4
STEPS:
[0.2406875  0.24503665 0.2493858  0.25373494 0.25808409]
EFF:
[0.16573039860723102, 0.17046636600456358, 0.17835075506292258, 0.17083412311490434, 0.16501108227462818]
--------------------------------------------------------------------
FREQUENCY = 1.2999999999999998

STAGE:  0
STEPS:
[0.  0.1 0.2 0.3 0.4 0.5 0.6 0.7 0.8 0.9 1. ]
EFF:
[0.0029751328636540373, 0.010952613622242341, 0.1716237880024012, 0.12661558155850922, 0.04853306588274829, 0.015427948040016197, 0.004387512539475766, 0.0014069374594836914, 0.00042142627679014395, 0.00021709592511161613, 0.00017816450187770768]

STAGE:  1
STEPS:
[0.10909091 0.12818182 0.14727273 0.16636364 0.18545455 0.20454545
 0.22363636 0.24272727 0.26181818 0.28090909 0.3       ]
EFF:
[0.01900243082754665, 0.041782740493046276, 0.07997983660409705, 0.1239848533175468, 0.14375366979714416, 0.1705692380550673, 0.18290913423918742, 0.17052939867000974, 0.16050888739103616, 0.1490648924683953, 0.12661558155850922]

STAGE:  2
STEPS:
[0.20454545 0.21365702 0.2227686  0.23188017 0.24099174]
EFF:
[0.1705692380550673, 0.16977425738848714, 0.18302295326674037, 0.17816326360929216, 0.17026932191700633]
--------------------------------------------------------------------
FREQUENCY = 1.4

STAGE:  0
STEPS:
[0.  0.1 0.2 0.3 0.4 0.5 0.6 0.7 0.8 0.9 1. ]
EFF:
[0.0032603349483341718, 0.017412770883210877, 0.18313523270790438, 0.10713115862553133, 0.034141565669104555, 0.00943000639085257, 0.0025124152290406676, 0.00068466181015083, 0.00021066980852454573, 0.0001879835686299672, 0.00022429731373214485]

STAGE:  1
STEPS:
[0.10909091 0.12818182 0.14727273 0.16636364 0.18545455 0.20454545
 0.22363636 0.24272727 0.26181818 0.28090909 0.3       ]
EFF:
[0.023850454460452215, 0.0608427316313131, 0.1019812195309773, 0.13464781937461043, 0.16850265092741257, 0.18225209530753983, 0.18006351525952474, 0.1652300413059662, 0.15356887550720733, 0.12967128081782067, 0.10713115862553133]
--------------------------------------------------------------------
FREQUENCY = 1.5

STAGE:  0
STEPS:
[0.  0.1 0.2 0.3 0.4 0.5 0.6 0.7 0.8 0.9 1. ]
EFF:
[0.005571251654126368, 0.02018343680602944, 0.1845363950047081, 0.08994292308855602, 0.025815899309612974, 0.006510936781760254, 0.001497532688525262, 0.0003969108636242431, 0.00014540975299606862, 0.00014715668203595187, 0.00019384973636229274]

STAGE:  1
STEPS:
[0.10909091 0.12818182 0.14727273 0.16636364 0.18545455 0.20454545
 0.22363636 0.24272727 0.26181818 0.28090909 0.3       ]
EFF:
[0.0339925916888475, 0.0693089495728183, 0.11673551845284438, 0.15778020756919112, 0.18221377680149187, 0.1849700021750237, 0.17539333416122987, 0.1603810923882308, 0.13586355722693208, 0.11176476302773834, 0.08994292308855602]
--------------------------------------------------------------------
FREQUENCY = 1.5999999999999999

STAGE:  0
STEPS:
[0.  0.1 0.2 0.3 0.4 0.5 0.6 0.7 0.8 0.9 1. ]
EFF:
[0.006406658324356476, 0.027857495521654375, 0.18761047006092416, 0.07614849164511604, 0.01955433329322882, 0.004188829812275419, 0.0009401716223783966, 0.0002350199349028264, 0.00013489764672325314, 0.0001567801146389623, 0.00020147277322640907]

STAGE:  1
STEPS:
[0.10909091 0.12818182 0.14727273 0.16636364 0.18545455 0.20454545
 0.22363636 0.24272727 0.26181818 0.28090909 0.3       ]
EFF:
[0.04712389726893653, 0.09558138803696808, 0.14171928435851505, 0.17248521317865456, 0.1904163886201993, 0.18778248098019984, 0.17015959342444512, 0.14600367521509353, 0.12039413471107975, 0.09642331909576009, 0.07614849164511604]
--------------------------------------------------------------------
FREQUENCY = 1.6999999999999997

STAGE:  0
STEPS:
[0.  0.1 0.2 0.3 0.4 0.5 0.6 0.7 0.8 0.9 1. ]
EFF:
[0.006218323414388046, 0.045665829152662596, 0.19028566745161532, 0.06438386930032262, 0.013585481575683558, 0.0026229544401935555, 0.0004915461958529086, 0.00012191916945304533, 0.0001122640564193624, 0.00015116713866212585, 0.0001714037208602424]

STAGE:  1
STEPS:
[0.10909091 0.12818182 0.14727273 0.16636364 0.18545455 0.20454545
 0.22363636 0.24272727 0.26181818 0.28090909 0.3       ]
EFF:
[0.06121723641954899, 0.11610885443795387, 0.1665491974367694, 0.19551386299511514, 0.19938226163548484, 0.1841647529204339, 0.15928246862781517, 0.1327113272488885, 0.10740095784983533, 0.08450856283179026, 0.06438386930032262]
--------------------------------------------------------------------
FREQUENCY = 1.7999999999999998

STAGE:  0
STEPS:
[0.  0.1 0.2 0.3 0.4 0.5 0.6 0.7 0.8 0.9 1. ]
EFF:
[0.003949008274999698, 0.05176398154191989, 0.18325215768866757, 0.051908631714128024, 0.009797836771587302, 0.0016963055450578616, 0.00029875081086013, 6.237306625340662e-05, 6.98499061412402e-05, 0.0001021984487151638, 0.00010601035238612486]

STAGE:  1
STEPS:
[0.10909091 0.12818182 0.14727273 0.16636364 0.18545455 0.20454545
 0.22363636 0.24272727 0.26181818 0.28090909 0.3       ]
EFF:
[0.07667309868772255, 0.13653445221291807, 0.18566750431335063, 0.20782511561958758, 0.20276513717188702, 0.18022566053403333, 0.15018220635151006, 0.11965424310613866, 0.09239015772607788, 0.06978866786200452, 0.051908631714128024]
--------------------------------------------------------------------
FREQUENCY = 1.9

STAGE:  0
STEPS:
[0.  0.1 0.2 0.3 0.4 0.5 0.6 0.7 0.8 0.9 1. ]
EFF:
[0.0018366638406458178, 0.06916325541369871, 0.171125804507596, 0.03990765339159532, 0.0062596064959433385, 0.001055746343110923, 0.00015153462233508404, 3.4057748734867125e-05, 3.32329519770081e-05, 5.228174200991303e-05, 6.399461056647533e-05]

STAGE:  1
STEPS:
[0.1        0.11909091 0.13818182 0.15727273 0.17636364 0.19545455
 0.21454545 0.23363636 0.25272727 0.27181818 0.29090909]
EFF:
[0.06916325541369871, 0.13844895480315986, 0.19579015251765278, 0.21819503961304942, 0.20837170403262406, 0.18030146617811452, 0.14612540111424385, 0.1133132019221242, 0.08527933290228959, 0.06288818634856802, 0.045736430997018476]
--------------------------------------------------------------------
FREQUENCY = 1.9999999999999998

STAGE:  0
STEPS:
[0.  0.1 0.2 0.3 0.4 0.5 0.6 0.7 0.8 0.9 1. ]
EFF:
[0.0012287350963610239, 0.07893967468544688, 0.15621828096042928, 0.03146730717628959, 0.004633203709248559, 0.0005832947519493268, 9.422983405621013e-05, 1.6775493162791604e-05, 1.2229675373563364e-05, 1.5905858046120973e-05, 3.5274004990587785e-05]

STAGE:  1
STEPS:
[0.1        0.11909091 0.13818182 0.15727273 0.17636364 0.19545455
 0.21454545 0.23363636 0.25272727 0.27181818 0.29090909]
EFF:
[0.07893967468544688, 0.1460973685339731, 0.19509349806251963, 0.21040493632861856, 0.19670493071457432, 0.16664417465169584, 0.13146504629831668, 0.0980489123133095, 0.06947788856900604, 0.05019383907496889, 0.03605627722302009]

STAGE:  2
STEPS:
[0.13991736 0.14902893 0.1581405  0.16725207 0.17636364]
EFF:
[0.19746364565824331, 0.21705976454794468, 0.21050836153186536, 0.21111300995965207, 0.19670493071457432]
--------------------------------------------------------------------
FREQUENCY = 2.0999999999999996

STAGE:  0
STEPS:
[0.  0.1 0.2 0.3 0.4 0.5 0.6 0.7 0.8 0.9 1. ]
EFF:
[0.0020904977305853676, 0.09796438333792254, 0.1407551659460707, 0.023389904317450205, 0.0030495730268923923, 0.0003856497650357293, 5.2989479772110587e-05, 9.090189789207705e-06, 3.038289974878321e-06, 1.6270622942935844e-06, 1.6498997383529736e-05]

STAGE:  1
STEPS:
[0.1        0.11909091 0.13818182 0.15727273 0.17636364 0.19545455
 0.21454545 0.23363636 0.25272727 0.27181818 0.29090909]
EFF:
[0.09796438333792254, 0.1747537062488097, 0.2148379272276824, 0.2142930320355169, 0.18817256360570564, 0.15084823870474384, 0.11401682028743175, 0.08215660922091808, 0.055939536041280775, 0.038720378316915, 0.02710840116553163]
--------------------------------------------------------------------
FREQUENCY = 2.1999999999999997

STAGE:  0
STEPS:
[0.  0.1 0.2 0.3 0.4 0.5 0.6 0.7 0.8 0.9 1. ]
EFF:
[0.0031816199888742482, 0.11566254111285196, 0.1277667283208206, 0.018586753333503504, 0.001934235924406584, 0.00022925499650815927, 3.695160025219307e-05, 1.405103837266126e-05, 6.648558311648073e-06, 6.271660236997898e-07, 1.155971160205403e-05]

STAGE:  1
STEPS:
[0.1        0.14772727 0.19545455 0.24318182 0.29090909]
EFF:
[0.11566254111285196, 0.21778905663794682, 0.13295513008302004, 0.056261598211244344, 0.021064136139638822]

STAGE:  2
STEPS:
[0.10954545 0.13102273 0.1525     0.17397727 0.19545455]
EFF:
[0.1492067777818543, 0.21312751167466415, 0.2154668058175726, 0.18106525395009843, 0.13295513008302004]
--------------------------------------------------------------------
FREQUENCY = 2.3

STAGE:  0
STEPS:
[0.  0.1 0.2 0.3 0.4 0.5 0.6 0.7 0.8 0.9 1. ]
EFF:
[0.0035324450454066363, 0.1314725434808315, 0.10671690473371635, 0.013389021124014458, 0.0013337130468963046, 0.00013009740443522535, 2.818049559196266e-05, 2.7302603398835655e-05, 2.363730839166915e-05, 3.6407369704037956e-06, 3.170644401079231e-05]

STAGE:  1
STEPS:
[0.00909091 0.02818182 0.04727273 0.06636364 0.08545455 0.10454545
 0.12363636 0.14272727 0.16181818 0.18090909 0.2       ]
EFF:
[0.0036095557374220206, 0.003486819277182571, 0.004549733616201087, 0.01691908488765725, 0.06968685186717312, 0.15810633661093895, 0.21299999514420542, 0.21966784877045087, 0.1932801527826896, 0.1453789617239312, 0.10671690473371635]
--------------------------------------------------------------------
FREQUENCY = 2.4

STAGE:  0
STEPS:
[0.  0.1 0.2 0.3 0.4 0.5 0.6 0.7 0.8 0.9 1. ]
EFF:
[0.0027493754667095287, 0.1536137398186176, 0.09646015287362156, 0.010563188098736428, 0.0009733754050143732, 8.840896296901967e-05, 3.439671964158679e-05, 4.250409496773991e-05, 4.4205112136529095e-05, 1.0385309350226155e-05, 6.604994239859863e-05]

STAGE:  1
STEPS:
[0.00909091 0.02818182 0.04727273 0.06636364 0.08545455 0.10454545
 0.12363636 0.14272727 0.16181818 0.18090909 0.2       ]
EFF:
[0.0027509211298739375, 0.0025846209550032086, 0.003987312117558598, 0.019464563702107463, 0.08681295539699456, 0.16949868258285833, 0.21827774947324852, 0.2171150365956945, 0.1795271071943651, 0.1372066936083682, 0.09646015287362156]
--------------------------------------------------------------------
FREQUENCY = 2.5

STAGE:  0
STEPS:
[0.  0.1 0.2 0.3 0.4 0.5 0.6 0.7 0.8 0.9 1. ]
EFF:
[0.0016225481450536366, 0.1607569307109133, 0.08678753125142001, 0.008545250305510147, 0.0007299446620105331, 6.069893234627378e-05, 4.462827963710373e-05, 5.361151161433341e-05, 5.6897700868970005e-05, 2.0885482647747863e-05, 9.309442662166661e-05]

STAGE:  1
STEPS:
[0.00909091 0.02818182 0.04727273 0.06636364 0.08545455 0.10454545
 0.12363636 0.14272727 0.16181818 0.18090909 0.2       ]
EFF:
[0.0015761180817030493, 0.001441648330806629, 0.0027954171166834313, 0.019711507679245087, 0.09259239111633995, 0.1731795696373682, 0.2226166651340914, 0.21374548374005195, 0.17517070538440874, 0.12224629559026728, 0.08678753125142001]
--------------------------------------------------------------------
FREQUENCY = 2.5999999999999996

STAGE:  0
STEPS:
[0.  0.1 0.2 0.3 0.4 0.5 0.6 0.7 0.8 0.9 1. ]
EFF:
[0.000812438826226573, 0.16868903412006775, 0.071306336790902, 0.005678432283880203, 0.0004466518070650562, 3.611231332203885e-05, 4.49681172919938e-05, 6.285543504581747e-05, 5.749544857652573e-05, 4.6360516094152484e-05, 0.00010905154538779199]

STAGE:  1
STEPS:
[0.00909091 0.02818182 0.04727273 0.06636364 0.08545455 0.10454545
 0.12363636 0.14272727 0.16181818 0.18090909 0.2       ]
EFF:
[0.0007444718324033117, 0.0006863598794523972, 0.0022787798965694123, 0.028341623664671092, 0.10055850083304071, 0.18736035176532576, 0.2211568466641617, 0.20090602232343183, 0.14638623308457413, 0.10675496957581218, 0.071306336790902]

STAGE:  2
STEPS:
[0.10628099 0.10992562 0.11357025 0.11721488 0.1208595  0.12450413
 0.12814876 0.13179339 0.13543802 0.13908264 0.14272727]
EFF:
[0.19621817221277285, 0.20635656021981494, 0.21095260989842407, 0.21752454008700628, 0.22085958117972185, 0.22117428800286626, 0.21937127588551064, 0.2181831312279705, 0.20876255767434299, 0.20572538842109236, 0.20090602232343183]
--------------------------------------------------------------------
FREQUENCY = 2.6999999999999997

STAGE:  0
STEPS:
[0.  0.1 0.2 0.3 0.4 0.5 0.6 0.7 0.8 0.9 1. ]
EFF:
[0.0009181703486047974, 0.18007380995672864, 0.061586459471126856, 0.004342787690123724, 0.00030912777845396624, 3.05800204741572e-05, 4.436749823047581e-05, 6.245453444991332e-05, 4.65255392765549e-05, 6.344287448519347e-05, 9.206010848775494e-05]

STAGE:  1
STEPS:
[0.00909091 0.02818182 0.04727273 0.06636364 0.08545455 0.10454545
 0.12363636 0.14272727 0.16181818 0.18090909 0.2       ]
EFF:
[0.0009086221267391675, 0.0009263269508588061, 0.002731404498141745, 0.031582735782945015, 0.10782278729646619, 0.20168739781419437, 0.22210841101223452, 0.18647978627803777, 0.14213629647263554, 0.09180344523817296, 0.061586459471126856]

STAGE:  2
STEPS:
[0.10454545 0.10819008 0.11183471 0.11547934 0.11912397 0.1227686
 0.12641322 0.13005785 0.13370248 0.13734711 0.14099174]
EFF:
[0.20168739781419437, 0.20772491359246711, 0.21478107115821338, 0.2216055622168771, 0.22284505876498695, 0.22212191127188163, 0.22110008428007097, 0.21340486832006014, 0.21040065560071933, 0.20545517133995728, 0.19463799343901286]
--------------------------------------------------------------------
FREQUENCY = 2.8

STAGE:  0
STEPS:
[0.  0.1 0.2 0.3 0.4 0.5 0.6 0.7 0.8 0.9 1. ]
EFF:
[0.0016605822037448566, 0.20001969037656003, 0.051350952828751045, 0.0033175084730605927, 0.00019849524641307276, 2.0889965795798488e-05, 4.113408628039926e-05, 6.557851792066187e-05, 5.618585370150865e-05, 6.550428746764667e-05, 5.420606417218075e-05]

STAGE:  1
STEPS:
[0.00909091 0.02818182 0.04727273 0.06636364 0.08545455 0.10454545
 0.12363636 0.14272727 0.16181818 0.18090909 0.2       ]
EFF:
[0.001725635220909574, 0.0017382409601643526, 0.004116330839692874, 0.033968230191974494, 0.1282318029665675, 0.20885364019560834, 0.22255544884433254, 0.1854525910097301, 0.12577549513490557, 0.08658179467193436, 0.051350952828751045]

STAGE:  2
STEPS:
[0.10454545 0.11365702 0.1227686  0.13188017 0.14099174]
EFF:
[0.20885364019560834, 0.22632136014070403, 0.22465319191422178, 0.21245668617939054, 0.1892085632071645]
--------------------------------------------------------------------
FREQUENCY = 2.8999999999999995

STAGE:  0
STEPS:
[0.  0.1 0.2 0.3 0.4 0.5 0.6 0.7 0.8 0.9 1. ]
EFF:
[0.002304440231802738, 0.2043185999747382, 0.047348394376753616, 0.002535271338375021, 0.0001455609903673713, 1.715250823273702e-05, 3.3209497112919066e-05, 4.457731546320488e-05, 3.647061766227624e-05, 5.545992457732801e-05, 3.278551908594947e-05]

STAGE:  1
STEPS:
[0.00909091 0.02818182 0.04727273 0.06636364 0.08545455 0.10454545
 0.12363636 0.14272727 0.16181818 0.18090909 0.2       ]
EFF:
[0.0023658067857480233, 0.0022421752004173506, 0.005828251249420906, 0.036814050115075915, 0.14108254863172265, 0.215769568201441, 0.2209122238966025, 0.17243333464461266, 0.12083544533085054, 0.07353753141945527, 0.047348394376753616]
--------------------------------------------------------------------
FREQUENCY = 3.0

STAGE:  0
STEPS:
[0.  0.1 0.2 0.3 0.4 0.5 0.6 0.7 0.8 0.9 1. ]
EFF:
[0.002012613094768785, 0.2084732241486129, 0.03929859261406552, 0.002055478780589625, 0.00010138179109836299, 6.2866638476147555e-06, 1.0907954597528597e-05, 1.8865590779733185e-05, 2.3870154291957506e-05, 2.0342409327745113e-05, 1.5006579306879893e-05]

STAGE:  1
STEPS:
[0.00909091 0.02818182 0.04727273 0.06636364 0.08545455 0.10454545
 0.12363636 0.14272727 0.16181818 0.18090909 0.2       ]
EFF:
[0.002030869844537232, 0.0018327684237725472, 0.004837655572688346, 0.04125958775813879, 0.1437112734853672, 0.22325688647184694, 0.21552430198604644, 0.16333791830515212, 0.10335396161637445, 0.06794597620396767, 0.03929859261406552]
--------------------------------------------------------------------
FINAL RESULT:
FREQS:
[0.7 0.8 0.9 1.  1.1 1.2 1.3 1.4 1.5 1.6 1.7 1.8 1.9 2.  2.1 2.2 2.3 2.4
 2.5 2.6 2.7 2.8 2.9 3. ]
EFF:
[0.1262279008396752, 0.14357630364251836, 0.14249090803693473, 0.15504475336603185, 0.15533905500050416, 0.17835075506292258, 0.18302295326674037, 0.18225209530753983, 0.1849700021750237, 0.1904163886201993, 0.19938226163548484, 0.20782511561958758, 0.21819503961304942, 0.21705976454794468, 0.2148379272276824, 0.2154668058175726, 0.21966784877045087, 0.21827774947324852, 0.2226166651340914, 0.22117428800286626, 0.22284505876498695, 0.22632136014070403, 0.2209122238966025, 0.22325688647184694]
PARAMETERS (pad):
[np.float64(0.42363636363636364), np.float64(0.36363636363636365), np.float64(0.34272727272727277), np.float64(0.2854545454545455), np.float64(0.2572727272727273), np.float64(0.24938579545454548), np.float64(0.22276859504132235), np.float64(0.20454545454545459), np.float64(0.20454545454545459), np.float64(0.18545454545454548), np.float64(0.18545454545454548), np.float64(0.16636363636363638), np.float64(0.1572727272727273), np.float64(0.14902892561983472), np.float64(0.13818181818181818), np.float64(0.1525), np.float64(0.14272727272727273), np.float64(0.12363636363636366), np.float64(0.12363636363636366), np.float64(0.12450413223140497), np.float64(0.11912396694214877), np.float64(0.11365702479338843), np.float64(0.12363636363636366), np.float64(0.10454545454545455)]


