FREQUENCY = 0.7

STAGE:  0
STEPS:
[-10.  -8.  -6.  -4.  -2.   0.   2.   4.   6.   8.  10.]
EFF:
[0.054405704140081015, 0.07509911958998074, 0.09622514707176759, 0.11532798545315118, 0.13073924127696057, 0.1410499999324556, 0.14618757133670762, 0.1457036515162636, 0.14068653481395996, 0.13191635040448588, 0.1205052810335041]

STAGE:  1
STEPS:
[0.18181818 1.13636364 2.09090909 3.04545455 4.        ]
EFF:
[0.14174802641643997, 0.14465380588470578, 0.14627673900725038, 0.14642618988402584, 0.1457036515162636]
--------------------------------------------------------------------
FREQUENCY = 0.7999999999999999

STAGE:  0
STEPS:
[-10.  -8.  -6.  -4.  -2.   0.   2.   4.   6.   8.  10.]
EFF:
[0.04086639212720338, 0.06387194167210267, 0.0899859694261038, 0.11599754733133044, 0.13808518304054873, 0.15443351770891348, 0.16344919082544784, 0.16492658284382739, 0.15941871991484102, 0.14843956865681618, 0.1336264263842653]

STAGE:  1
STEPS:
[2.         2.95454545 3.90909091 4.86363636 5.81818182]
EFF:
[0.16344919082544784, 0.16529916324760222, 0.1649704011593121, 0.16329685300029798, 0.16045922624187137]
--------------------------------------------------------------------
FREQUENCY = 0.8999999999999999

STAGE:  0
STEPS:
[-10.  -8.  -6.  -4.  -2.   0.   2.   4.   6.   8.  10.]
EFF:
[0.018939024106064274, 0.036397231725698566, 0.06071073871332425, 0.08871867967056397, 0.11661285340026198, 0.14018857690058412, 0.1564884360567203, 0.16398015600780705, 0.1623349116590513, 0.1530659291119862, 0.13796480466700192]

STAGE:  1
STEPS:
[2.18181818 3.13636364 4.09090909 5.04545455 6.        ]
EFF:
[0.1575304682939175, 0.16179989110488824, 0.16402601719489004, 0.16421937203871956, 0.1623349116590513]
--------------------------------------------------------------------
FREQUENCY = 1.0

STAGE:  0
STEPS:
[-10.  -8.  -6.  -4.  -2.   0.   2.   4.   6.   8.  10.]
EFF:
[0.00904794303720588, 0.019774244366573983, 0.040493635856665114, 0.06938266815769008, 0.10214887603133291, 0.13327017096434382, 0.15754413625430852, 0.17138431054200456, 0.17347357444560974, 0.16508663819982192, 0.14757398858593326]

STAGE:  1
STEPS:
[4.         4.95454545 5.90909091 6.86363636 7.81818182]
EFF:
[0.17138431054200456, 0.17383908310210705, 0.1736278967923542, 0.17090004446430626, 0.16589167609545658]
--------------------------------------------------------------------
FREQUENCY = 1.0999999999999999

STAGE:  0
STEPS:
[-10.  -8.  -6.  -4.  -2.   0.   2.   4.   6.   8.  10.]
EFF:
[0.004843272018810189, 0.0049307740757014, 0.014142412448195227, 0.03465814272138197, 0.06525385858946162, 0.10127646696547055, 0.13591885779899965, 0.16251597339481244, 0.17646810013871067, 0.17626422852886584, 0.16343994208490195]

STAGE:  1
STEPS:
[4.18181818 5.13636364 6.09090909 7.04545455 8.        ]
EFF:
[0.16436702477341641, 0.1721550778583091, 0.17676899202903013, 0.1781161967516983, 0.17626422852886584]
--------------------------------------------------------------------
FREQUENCY = 1.2

STAGE:  0
STEPS:
[-10.  -8.  -6.  -4.  -2.   0.   2.   4.   6.   8.  10.]
EFF:
[0.005089099722081918, 0.0031472108451902447, 0.010155405389851628, 0.03069306294363283, 0.06497923457810545, 0.10767838772415254, 0.1494694011834044, 0.18074478967972685, 0.1948736442375145, 0.190138605980758, 0.16948830698026307]

STAGE:  1
STEPS:
[4.18181818 5.13636364 6.09090909 7.04545455 8.        ]
EFF:
[0.18280090193317067, 0.19110514580116994, 0.19506078318882566, 0.1947969781773546, 0.190138605980758]
--------------------------------------------------------------------
FREQUENCY = 1.2999999999999998

STAGE:  0
STEPS:
[-10.  -8.  -6.  -4.  -2.   0.   2.   4.   6.   8.  10.]
EFF:
[0.009375680887677654, 0.00444913324343032, 0.005181463790108457, 0.01794678247862253, 0.046610902857704854, 0.08854936807846503, 0.13474413688053594, 0.1728813044587281, 0.19331883247572126, 0.1918895365287924, 0.17106134718325008]

STAGE:  1
STEPS:
[4.18181818 5.13636364 6.09090909 7.04545455 8.        ]
EFF:
[0.17556863497926123, 0.18716287730578574, 0.19370248624872757, 0.19537600262507623, 0.1918895365287924]
--------------------------------------------------------------------
FREQUENCY = 1.4

STAGE:  0
STEPS:
[-10.  -8.  -6.  -4.  -2.   0.   2.   4.   6.   8.  10.]
EFF:
[0.015499661013331653, 0.010024124816136591, 0.004924807136050841, 0.006361641739994188, 0.02249427199402863, 0.056816422400872854, 0.10375506025435094, 0.1503536699280855, 0.18214096406507088, 0.19076374586772513, 0.17554541657509348]

STAGE:  1
STEPS:
[6.         6.95454545 7.90909091 8.86363636 9.81818182]
EFF:
[0.18214096406507088, 0.18934016084018665, 0.19088468227754118, 0.1868284133434567, 0.17782084617142171]
--------------------------------------------------------------------
FREQUENCY = 1.5

STAGE:  0
STEPS:
[-10.  -8.  -6.  -4.  -2.   0.   2.   4.   6.   8.  10.]
EFF:
[0.015198781081818092, 0.014140160942984396, 0.009999616334343415, 0.0046572623261071176, 0.007683809201434185, 0.029633512032385758, 0.07255629308390514, 0.12610879778146108, 0.17243758996979397, 0.19580111801744457, 0.19009182197227176]

STAGE:  1
STEPS:
[ 6.18181818  7.13636364  8.09090909  9.04545455 10.        ]
EFF:
[0.1756854092117639, 0.1891906480072674, 0.1961729585320189, 0.19636410622106712, 0.19009182197227176]
--------------------------------------------------------------------
FREQUENCY = 1.5999999999999999

STAGE:  0
STEPS:
[-10.  -8.  -6.  -4.  -2.   0.   2.   4.   6.   8.  10.]
EFF:
[0.014561685688758793, 0.015698293141558545, 0.016412292689653378, 0.01147868963285273, 0.005094693697710763, 0.010761813784612146, 0.040288737587921446, 0.09169587649912403, 0.14844985100922514, 0.18850383738770454, 0.19742285984467275]

STAGE:  1
STEPS:
[ 0.18850384  1.53328982  2.8780758   4.22286178  5.56764776  6.91243374
  8.25721972  9.6020057  10.94679168 12.29157766 13.63636364]
EFF:
[0.012432324584888388, 0.031096883964806702, 0.06081732335006977, 0.09819715586101606, 0.13687917952491685, 0.16995954520135279, 0.19195533986537272, 0.19835222357310572, 0.19017475255793628, 0.16957075425661983, 0.14085064205101014]
--------------------------------------------------------------------
FREQUENCY = 1.6999999999999997

STAGE:  0
STEPS:
[-10.  -8.  -6.  -4.  -2.   0.   2.   4.   6.   8.  10.]
EFF:
[0.010830995858114336, 0.012255655723140135, 0.01716941665544863, 0.015958320173837734, 0.006987642034700437, 0.004205690401825825, 0.0270503009755534, 0.08099377112267517, 0.14934847541339596, 0.2025260326119466, 0.21823481903724087]

STAGE:  1
STEPS:
[ 0.20252603  1.54590979  2.88929355  4.23267731  5.57606107  6.91944483
  8.26282859  9.60621236 10.94959612 12.29297988 13.63636364]
EFF:
[0.005089312874593847, 0.018964342092236457, 0.04768044840764888, 0.08869677991737147, 0.1350440347399942, 0.17723450035252983, 0.20691088387796833, 0.21862520012315795, 0.21045603611376992, 0.18692801555354993, 0.1524727969126514]
--------------------------------------------------------------------
FREQUENCY = 1.7999999999999998

STAGE:  0
STEPS:
[-10.  -8.  -6.  -4.  -2.   0.   2.   4.   6.   8.  10.]
EFF:
[0.014191882777809231, 0.010997567186942924, 0.016694010070809197, 0.021100299634893235, 0.014321769692971812, 0.0038059912052840076, 0.012861370388920436, 0.058193792438052935, 0.12980201934163166, 0.19503918090662745, 0.22233736467735962]

STAGE:  1
STEPS:
[ 0.19503918  1.53917163  2.88330407  4.22743652  5.57156896  6.91570141
  8.25983385  9.6039663  10.94809875 12.29223119 13.63636364]
EFF:
[0.003417763215564201, 0.007816080139185382, 0.028287825406626766, 0.065471011327635, 0.11368786657381431, 0.16292655822940344, 0.20120961678827728, 0.2208027528573794, 0.21866728412371714, 0.19575412211071122, 0.15958766995946094]
--------------------------------------------------------------------
FREQUENCY = 1.9

STAGE:  0
STEPS:
[-10.  -8.  -6.  -4.  -2.   0.   2.   4.   6.   8.  10.]
EFF:
[0.016043640059461094, 0.010821117359945533, 0.0148553091763926, 0.020134488345974536, 0.014923060440090709, 0.0036700066890741775, 0.011697859183334125, 0.060537078251427213, 0.13975131263183735, 0.21000244321518519, 0.233412061594017]

STAGE:  1
STEPS:
[ 0.21000244  1.55263856  2.89527468  4.2379108   5.58054692  6.92318304
  8.26581916  9.60845528 10.9510914  12.29372752 13.63636364]
EFF:
[0.003081968626487453, 0.006749778725027893, 0.028207636535404482, 0.06889685602214222, 0.12252260435938567, 0.17608312370768753, 0.21635764560083198, 0.23329576840180066, 0.22371886615957706, 0.1923971090660504, 0.14786283297360536]
--------------------------------------------------------------------
FREQUENCY = 1.9999999999999998

STAGE:  0
STEPS:
[-10.  -8.  -6.  -4.  -2.   0.   2.   4.   6.   8.  10.]
EFF:
[0.020886297288859417, 0.011946612664253937, 0.011394489611681173, 0.01835014179947288, 0.020407830166968084, 0.009727328235932938, 0.0033447724863083102, 0.032398859650371654, 0.10463842330876476, 0.18657357439845942, 0.22956607330087667]

STAGE:  1
STEPS:
[ 0.18657357  1.53155258  2.87653159  4.22151059  5.5664896   6.91146861
  8.25644761  9.60142662 10.94640562 12.29138463 13.63636364]
EFF:
[0.008479632532066914, 0.002720479776301184, 0.010308784799832963, 0.038551175128380286, 0.08649309984707196, 0.14386747332870026, 0.19513463445317059, 0.22580077887597025, 0.22817034070673806, 0.20356159240090507, 0.16064674976834756]
--------------------------------------------------------------------
FREQUENCY = 2.0999999999999996

STAGE:  0
STEPS:
[-10.  -8.  -6.  -4.  -2.   0.   2.   4.   6.   8.  10.]
EFF:
[0.02761858387858385, 0.017495726149411854, 0.012618312099488221, 0.015811926932890696, 0.02077479559437032, 0.014866442160353143, 0.0037994865959387306, 0.019270917522451015, 0.08270555653193748, 0.16924689334269025, 0.2241931067716497]

STAGE:  1
STEPS:
[ 0.16924689  1.51595857  2.86267024  4.20938192  5.55609359  6.90280526
  8.24951694  9.59622861 10.94294029 12.28965196 13.63636364]
EFF:
[0.01381802313395879, 0.005458030825451362, 0.005150013896342859, 0.023665599239096582, 0.06498220913253984, 0.12196655337217396, 0.1787719795027355, 0.21815911166918767, 0.22781066840028008, 0.2066358254659901, 0.16383913398243735]
--------------------------------------------------------------------
FREQUENCY = 2.1999999999999997

STAGE:  0
STEPS:
[-10.  -8.  -6.  -4.  -2.   0.   2.   4.   6.   8.  10.]
EFF:
[0.016367441716334606, 0.015412673697382697, 0.011707649587527178, 0.006582439102849611, 0.009972555610519192, 0.01623138316154429, 0.009458562098232207, 0.0028105877798263322, 0.035688360201377736, 0.1170603168227752, 0.19849961708263505]

STAGE:  1
STEPS:
[ 0.11706032  1.46899065  2.82092098  4.17285131  5.52478164  6.87671198
  8.22864231  9.58057264 10.93250297 12.2844333  13.63636364]
EFF:
[0.016258595001275966, 0.012556740093824367, 0.004551992247025427, 0.0035785716416540506, 0.022848281297398458, 0.06711862680916839, 0.12748022406144238, 0.1850145764925736, 0.21895984391771361, 0.21952860840736144, 0.18821374861113177]
--------------------------------------------------------------------
FREQUENCY = 2.3

STAGE:  0
STEPS:
[-10.  -8.  -6.  -4.  -2.   0.   2.   4.   6.   8.  10.]
EFF:
[0.01762243703982146, 0.016284515466026727, 0.014637528671872107, 0.00818603298480392, 0.008353235351419953, 0.016063366256741776, 0.01175544985437325, 0.0027241446961707746, 0.03418869779516875, 0.12136627310677331, 0.20919297465002734]

STAGE:  1
STEPS:
[ 0.12136627  1.47286601  2.82436575  4.17586548  5.52736522  6.87886495
  8.23036469  9.58186443 10.93336416 12.2848639  13.63636364]
EFF:
[0.016312707479828638, 0.014593901686092493, 0.006369835502233183, 0.003191808012272865, 0.0210857094224235, 0.06751283017555892, 0.13299160318944422, 0.19466897151647275, 0.22908739299616193, 0.2244293330474978, 0.18531596704740913]
--------------------------------------------------------------------
FREQUENCY = 2.4

STAGE:  0
STEPS:
[-10.  -8.  -6.  -4.  -2.   0.   2.   4.   6.   8.  10.]
EFF:
[0.02619852273216542, 0.020850841173896725, 0.023264369714231896, 0.017896285616073933, 0.007541382026259166, 0.012147251735773825, 0.018403324973947626, 0.006889138165911326, 0.012604185420373427, 0.08043832382405737, 0.17957356560724577]

STAGE:  1
STEPS:
[ 0.08043832  1.43603086  2.79162339  4.14721592  5.50280845  6.85840098
  8.21399351  9.56958604 10.92517857 12.28077111 13.63636364]
EFF:
[0.012586740958958806, 0.018347940202813936, 0.015375029948982247, 0.0059737355805599725, 0.006268529199570903, 0.03374482866069291, 0.09090939880395674, 0.15983583915417635, 0.21222614803554377, 0.2265621307219248, 0.19959560411685048]

STAGE:  2
STEPS:
[10.92517857 11.57216592 12.21915326 12.86614061 13.51312795]
EFF:
[0.21222614803554377, 0.22449494312508955, 0.2268568507816542, 0.21946608624448424, 0.20346982051142062]
--------------------------------------------------------------------
FREQUENCY = 2.5

STAGE:  0
STEPS:
[-10.  -8.  -6.  -4.  -2.   0.   2.   4.   6.   8.  10.]
EFF:
[0.02578212188399305, 0.017853651043867536, 0.016878334651681346, 0.020822734597829885, 0.011576599990444728, 0.004075421337684669, 0.013958051393997414, 0.014787330160187835, 0.002058834241354853, 0.030586781655398992, 0.12309363519187878]

STAGE:  1
STEPS:
[ 0.03058678  1.39116447  2.75174215  4.11231984  5.47289752  6.83347521
  8.19405289  9.55463058 10.91520827 12.27578595 13.63636364]
EFF:
[0.004115698684084101, 0.010192944593375766, 0.017060208384902176, 0.01411386066418529, 0.004113006107636738, 0.005555839445843547, 0.03723766374051726, 0.09944147997858889, 0.16964984015305176, 0.21651554325067662, 0.21996432196152876]

STAGE:  2
STEPS:
[ 0.21651554  1.80587811  3.39524068  4.98460325  6.57396582  8.16332839
  9.75269097 11.34205354 12.93141611 14.52077868 16.11014125]
EFF:
[0.004473440340565873, 0.01280582277265269, 0.01716145688180177, 0.0075709218461191986, 0.0033570837244073786, 0.03613948698532827, 0.10992162059389421, 0.18819262126041972, 0.22400974887215122, 0.19896531942959375, 0.13339687395055075]

STAGE:  3
STEPS:
[11.48654104 11.78996481 12.09338857 12.39681233 12.7002361  13.00365986
 13.30708362 13.61050739 13.91393115 14.21735491 14.52077868]
EFF:
[0.19377187409019234, 0.20414722940102978, 0.21251889684989422, 0.21871226574634697, 0.22261394491132855, 0.22416664025401345, 0.22338197048170852, 0.22032622651196251, 0.2151136441999334, 0.20793373808142107, 0.19896531942959375]
--------------------------------------------------------------------
FREQUENCY = 2.5999999999999996

STAGE:  0
STEPS:
[-10.  -8.  -6.  -4.  -2.   0.   2.   4.   6.   8.  10.]
EFF:
[0.023365361993387682, 0.017425018793696057, 0.014418191949693206, 0.01791111759973702, 0.010769600638011413, 0.002815914053740393, 0.011812180120515223, 0.012892457853077674, 0.0012567778358765548, 0.037207672466178454, 0.14070999892735234]

STAGE:  1
STEPS:
[ 0.03720767  1.39712327  2.75703887  4.11695446  5.47687006  6.83678565
  8.19670125  9.55661685 10.91653244 12.27644804 13.63636364]
EFF:
[0.0028383072214356528, 0.008175176351606635, 0.015009091529955823, 0.012202104412982417, 0.002648791688422173, 0.0068599492844282715, 0.04508458181280942, 0.115242525864154, 0.18915877151337065, 0.23106457480425205, 0.22238397110038505]
--------------------------------------------------------------------
FREQUENCY = 2.6999999999999997

STAGE:  0
STEPS:
[-10.  -8.  -6.  -4.  -2.   0.   2.   4.   6.   8.  10.]
EFF:
[0.02212021250532709, 0.02011366552169849, 0.013853869606030227, 0.01412625971647015, 0.014021687057720991, 0.005149994100563178, 0.007050409254447855, 0.015345811250863877, 0.004198290047463104, 0.013566588370704933, 0.0984356904415366]

STAGE:  1
STEPS:
[-10.          -9.04761905  -8.0952381   -7.14285714  -6.19047619
  -5.23809524  -4.28571429  -3.33333333  -2.38095238  -1.42857143
  -0.47619048   0.47619048   1.42857143   2.38095238   3.33333333
   4.28571429   5.23809524   6.19047619   7.14285714   8.0952381
   9.04761905  10.        ]
EFF:
[0.02212021250532709, 0.02224628994622061, 0.020391367859446435, 0.01726774200263728, 0.014286947346558226, 0.01295822937800761, 0.013662571891368106, 0.015067681955315406, 0.014873942124028195, 0.011897387110418671, 0.007188420413941679, 0.0038769980541068856, 0.004598307300098035, 0.009182054010450608, 0.014138694364906421, 0.014992040643066524, 0.010057436862558158, 0.0029625859133709277, 0.0019153455706384616, 0.015783836891131203, 0.04903972241743764, 0.0984356904415366]

STAGE:  2
STEPS:
[ 0.04903972  0.60947506  1.1699104   1.73034574  2.29078107  2.85121641
  3.41165175  3.97208709  4.53252243  5.09295776  5.6533931   6.21382844
  6.77426378  7.33469912  7.89513445  8.45556979  9.01600513  9.57644047
 10.1368758  10.69731114 11.25774648 11.81818182]
EFF:
[0.0049770350013724415, 0.003704166063080996, 0.003943445711145249, 0.005744482536457186, 0.008653353114451666, 0.011880666490120276, 0.014395048850796694, 0.015353864218582865, 0.014214187257827384, 0.011102331857488584, 0.006825242570244238, 0.0028260923463405228, 0.0009907572877185715, 0.0032728604315767104, 0.011324722332345915, 0.026081099367573274, 0.04770193087081652, 0.07500774289201217, 0.10630264613935185, 0.1390891830930715, 0.17003981274283902, 0.19650002257066151]

STAGE:  3
STEPS:
[ 0.17003981  0.77566191  1.381284    1.9869061   2.5925282   3.19815029
  3.80377239  4.40939448  5.01501658  5.62063868  6.22626077  6.83188287
  7.43750496  8.04312706  8.64874916  9.25437125  9.85999335 10.46561544
 11.07123754 11.67685964 12.28248173 12.88810383]
EFF:
[0.004596651968570946, 0.003607706606710356, 0.004457113735865134, 0.006982371019466844, 0.010418724851784678, 0.013591502334884067, 0.015287658372361306, 0.014648962613015397, 0.011642505983216067, 0.007073524105216907, 0.0027546116973197494, 0.0010048740544471965, 0.004274963282702716, 0.014554503942531095, 0.03279773702362117, 0.05873422800011394, 0.09050623343523412, 0.12566679414604698, 0.15990108920818233, 0.19035145778944831, 0.2127089895723919, 0.22571402917014186]

STAGE:  4
STEPS:
[ 0.21270899  0.87135577  1.53000256  2.18864934  2.84729613  3.50594291
  4.1645897   4.82323648  5.48188327  6.14053005  6.79917683  7.45782362
  8.1164704   8.77511719  9.43376397 10.09241076 10.75105754 11.40970433
 12.06835111 12.7269979  13.38564468 14.04429146]
EFF:
[0.0044730576488474375, 0.003615356398703387, 0.00493699311141241, 0.008074554251918626, 0.011845215836245612, 0.014690687922646337, 0.015206211839639187, 0.0128099706795147, 0.008178299535803589, 0.0032669463581110076, 0.0009915405662629993, 0.004501229524938264, 0.016309941188897246, 0.03760493363825349, 0.06764517133008806, 0.10371435904357575, 0.14215388047260488, 0.17752160522042382, 0.20599289690262712, 0.22311398705609356, 0.22798977234315562, 0.21930179427542332]
--------------------------------------------------------------------
FREQUENCY = 2.8

STAGE:  0
STEPS:
[-10.  -8.  -6.  -4.  -2.   0.   2.   4.   6.   8.  10.]
EFF:
[0.018993542561361765, 0.020307754483888378, 0.01896718372103396, 0.013465750427520712, 0.01213954114434509, 0.007591489375798247, 0.00391284525215038, 0.014265853657599347, 0.010975184242974213, 0.0035479935790803676, 0.06584017363019061]

STAGE:  1
STEPS:
[-10.          -9.04761905  -8.0952381   -7.14285714  -6.19047619
  -5.23809524  -4.28571429  -3.33333333  -2.38095238  -1.42857143
  -0.47619048   0.47619048   1.42857143   2.38095238   3.33333333
   4.28571429   5.23809524   6.19047619   7.14285714   8.0952381
   9.04761905  10.        ]
EFF:
[0.018993542561361765, 0.01966411677522044, 0.020245056889876722, 0.020435177508183397, 0.01936732210294131, 0.016895431254612493, 0.014126451896816262, 0.012524786175051858, 0.012225775184496312, 0.011694982483731678, 0.009377817906259652, 0.005749047800703788, 0.0034573708803039096, 0.0051210626218977946, 0.010411750763001609, 0.01542932070941957, 0.015482120675932859, 0.009440290258383718, 0.0024759393727328757, 0.0044450983042433395, 0.024649701633825592, 0.06584017363019061]

STAGE:  2
STEPS:
[ 0.0246497   0.58624647  1.14784324  1.70944     2.27103677  2.83263354
  3.39423031  3.95582707  4.51742384  5.07902061  5.64061738  6.20221414
  6.76381091  7.32540768  7.88700445  8.44860121  9.01019798  9.57179475
 10.13339152 10.69498828 11.25658505 11.81818182]
EFF:
[0.007493470031267214, 0.005352986144743223, 0.0038042567887332144, 0.003476058529825392, 0.004701786959764168, 0.007352332890177412, 0.010794616983980862, 0.014047450025653663, 0.016036857362133772, 0.015953407474179223, 0.013531540136966865, 0.009340619452987404, 0.0047853961436361385, 0.0018295599032638423, 0.002718693385724957, 0.00947201224285776, 0.023447295795158238, 0.04492300785521614, 0.07303160609301958, 0.10553389163911546, 0.1398091383844942, 0.17236562374441153]

STAGE:  3
STEPS:
[ 0.13980914  0.74697637  1.35414361  1.96131085  2.56847808  3.17564532
  3.78281256  4.38997979  4.99714703  5.60431427  6.2114815   6.81864874
  7.42581597  8.03298321  8.64015045  9.24731768  9.85448492 10.46165216
 11.06881939 11.67598663 12.28315387 12.8903211 ]
EFF:
[0.007044410018352894, 0.004818124220525674, 0.0035111781013230444, 0.0038279051769850624, 0.005956500697236302, 0.00941893534479866, 0.013140362940617881, 0.015757896230165495, 0.016112117336133713, 0.013745464888479341, 0.009263754674671507, 0.004388702977208193, 0.001641898532056064, 0.0038395549925885663, 0.013390049577501903, 0.031625266774539945, 0.058320439485889754, 0.09164219354368949, 0.12836798096661578, 0.1645804005769106, 0.1955847623689728, 0.21784628333733821]

STAGE:  4
STEPS:
[ 0.19558476  0.85529304  1.51500131  2.17470959  2.83441787  3.49412614
  4.15383442  4.81354269  5.47325097  6.13295924  6.79266752  7.4523758
  8.11208407  8.77179235  9.43150062 10.0912089  10.75091717 11.41062545
 12.07033373 12.730042   13.38975028 14.04945855]
EFF:
[0.006827437453173677, 0.004493831337912492, 0.003421785260892238, 0.00437988972401716, 0.0073624808627797645, 0.011419532667151011, 0.01495299511757771, 0.01628311240099935, 0.014470048317532942, 0.009925618022018263, 0.004579751588806986, 0.0016159759259799559, 0.004627692880769163, 0.016569371695328718, 0.03886505488509719, 0.07062614927636969, 0.1089807803185576, 0.14904379214898805, 0.18538388910380435, 0.21300470962665868, 0.22799932400905354, 0.2287858841282366]

STAGE:  5
STEPS:
[ 0.22799932  0.94613753  1.66427573  2.38241394  3.10055214  3.81869035
  4.53682855  5.25496676  5.97310496  6.69124317  7.40938137  8.12751958
  8.84565778  9.56379599 10.28193419 11.0000724  11.7182106  12.43634881
 13.15448701 13.87262521 14.59076342 15.30890162]
EFF:
[0.006698152971902882, 0.004248418674050561, 0.003444279391597554, 0.005126999377670118, 0.008952445288280044, 0.013345607268318727, 0.0160660071270147, 0.015431315019804317, 0.01118670299551097, 0.005335513688264667, 0.0016643450993357426, 0.00479480223955166, 0.01854511689593503, 0.044555812964116655, 0.08121957597354088, 0.12433069895014537, 0.16675954357003228, 0.2020399431242523, 0.22449759542348408, 0.22996461565341952, 0.21857795866375462, 0.19316337363603328]
--------------------------------------------------------------------
FREQUENCY = 2.8999999999999995

STAGE:  0
STEPS:
[-10.  -8.  -6.  -4.  -2.   0.   2.   4.   6.   8.  10.]
EFF:
[0.009838925819388607, 0.011055876068221157, 0.014070189918401088, 0.008869550442445081, 0.006325041630984823, 0.00835484809590392, 0.0019441996288542254, 0.007726221109494476, 0.0134515723060732, 0.0010340833245836693, 0.04059914851822732]

STAGE:  1
STEPS:
[-10.          -9.04761905  -8.0952381   -7.14285714  -6.19047619
  -5.23809524  -4.28571429  -3.33333333  -2.38095238  -1.42857143
  -0.47619048   0.47619048   1.42857143   2.38095238   3.33333333
   4.28571429   5.23809524   6.19047619   7.14285714   8.0952381
   9.04761905  10.        ]
EFF:
[0.009838925819388607, 0.010145065295397913, 0.010930143265485978, 0.01267185506063253, 0.014018688411107861, 0.013153732236056684, 0.009965665748638523, 0.00674192458375689, 0.005899764085077567, 0.0074162808133523455, 0.008683397816159313, 0.0072321282375134655, 0.003671417113042917, 0.0015000141834189172, 0.003776546881261256, 0.00961489271496992, 0.014132375992481214, 0.012604517498133395, 0.0056349822274066805, 0.001000140363071734, 0.010003205645054362, 0.04059914851822732]

STAGE:  2
STEPS:
[-10.          -9.53488372  -9.06976744  -8.60465116  -8.13953488
  -7.6744186   -7.20930233  -6.74418605  -6.27906977  -5.81395349
  -5.34883721  -4.88372093  -4.41860465  -3.95348837  -3.48837209
  -3.02325581  -2.55813953  -2.09302326  -1.62790698  -1.1627907
  -0.69767442  -0.23255814   0.23255814   0.69767442   1.1627907
   1.62790698   2.09302326   2.55813953   3.02325581   3.48837209
   3.95348837   4.41860465   4.88372093   5.34883721   5.81395349
   6.27906977   6.74418605   7.20930233   7.6744186    8.13953488
   8.60465116   9.06976744   9.53488372  10.        ]
EFF:
[0.009838925819388607, 0.010013887515780676, 0.010137554257753555, 0.010384678200177407, 0.010871565530345113, 0.011622387460808079, 0.012544332996756658, 0.013417649008199741, 0.013981534003795204, 0.014022590040420425, 0.013390885960914608, 0.01214738562390065, 0.010480623733809927, 0.008695781794665226, 0.007146370106647503, 0.006137176450771698, 0.005827368991271146, 0.00618908188948547, 0.00701123174587576, 0.007931881372037394, 0.008578001688448238, 0.008615445613139448, 0.007897043040370887, 0.00649597185355405, 0.004706908478276856, 0.002963050570748465, 0.001773601643051064, 0.0015469277574236583, 0.0025011321749267676, 0.0045766844589500795, 0.00742196583801522, 0.010449049992852897, 0.012956158258104856, 0.014307368120384837, 0.014035260763092968, 0.012108268977975255, 0.00885992071361002, 0.005108926853258371, 0.0020436213399949187, 0.0010309637355006332, 0.0034515197656384304, 0.010454962313160033, 0.02277167325436162, 0.04059914851822732]

STAGE:  3
STEPS:
[ 0.02277167  0.27594189  0.5291121   0.78228232  1.03545253  1.28862275
  1.54179296  1.79496318  2.04813339  2.30130361  2.55447382  2.80764404
  3.06081425  3.31398447  3.56715468  3.8203249   4.07349511  4.32666532
  4.57983554  4.83300575  5.08617597  5.33934618  5.5925164   5.84568661
  6.09885683  6.35202704  6.60519726  6.85836747  7.11153769  7.3647079
  7.61787812  7.87104833  8.12421855  8.37738876  8.63055898  8.88372919
  9.13689941  9.39006962  9.64323984  9.89641005 10.14958026 10.40275048
 10.65592069 10.90909091]
EFF:
[0.008320515029294151, 0.007799499090726045, 0.007068105851278045, 0.006192279985184048, 0.005215608854377695, 0.004208718327218502, 0.003258768240067581, 0.0024485183199341896, 0.0018515073583976328, 0.0015321748777594648, 0.0015442124893213574, 0.0019090227151505874, 0.0026314077620020375, 0.0036848683466172935, 0.0050175703214645935, 0.006562477252544021, 0.008210850323885799, 0.009877218373979958, 0.011427486435686094, 0.01274629878308486, 0.01371698920353218, 0.014291974390495375, 0.014385379604835314, 0.013956655703194265, 0.013040816710978939, 0.011662865632647993, 0.00993313572716425, 0.007942500020737295, 0.0058832638634777785, 0.003943637207520183, 0.0023350955090889096, 0.0012816741981184563, 0.0010167679937044592, 0.0017602786016318692, 0.0037121719348130323, 0.007050911037202702, 0.011892703224151657, 0.018345498646037208, 0.026456618800535986, 0.03618290155398127, 0.04736176127243932, 0.059975958774978556, 0.07388764599683685, 0.08859843853578989]

STAGE:  4
STEPS:
[ 0.07388765  0.33737685  0.60086606  0.86435527  1.12784448  1.39133369
  1.6548229   1.9183121   2.18180131  2.44529052  2.70877973  2.97226894
  3.23575815  3.49924735  3.76273656  4.02622577  4.28971498  4.55320419
  4.81669339  5.0801826   5.34367181  5.60716102  5.87065023  6.13413944
  6.39762864  6.66111785  6.92460706  7.18809627  7.45158548  7.71507469
  7.97856389  8.2420531   8.50554231  8.76903152  9.03252073  9.29600994
  9.55949914  9.82298835 10.08647756 10.34996677 10.61345598 10.87694519
 11.14043439 11.4039236 ]
EFF:
[0.008231942639429316, 0.007630213283451567, 0.006835244298266785, 0.005880245082851583, 0.00484697020921686, 0.0038117527846412043, 0.002874498504423789, 0.0021276778460498757, 0.0016438097554569435, 0.0014955070637857344, 0.0017233044637949685, 0.002337926556342976, 0.003325845481724577, 0.004636040077289632, 0.006199974044644439, 0.007909457512577935, 0.009634074412003903, 0.011258287812846863, 0.012669773388933029, 0.013698976951679495, 0.01429039860041608, 0.014379992402422838, 0.013891395568778886, 0.012888206861654263, 0.011370539981082015, 0.009509463476053812, 0.0074031319054370685, 0.005283426318274831, 0.003343377424262359, 0.0018526972467497994, 0.0010597919597154194, 0.0012237360422104133, 0.0025871840064939067, 0.005360299878998109, 0.009703247571565266, 0.01575907341393601, 0.023571224683732604, 0.033164280444823925, 0.04444538805654109, 0.05728088394566491, 0.07145185039608308, 0.08665498165005464, 0.10268400790369296, 0.11923970741101395]

STAGE:  5
STEPS:
[ 0.10268401  0.37748032  0.65227662  0.92707293  1.20186924  1.47666555
  1.75146185  2.02625816  2.30105447  2.57585078  2.85064708  3.12544339
  3.4002397   3.67503601  3.94983231  4.22462862  4.49942493  4.77422124
  5.04901755  5.32381385  5.59861016  5.87340647  6.14820278  6.42299908
  6.69779539  6.9725917   7.24738801  7.52218431  7.79698062  8.07177693
  8.34657324  8.62136954  8.89616585  9.17096216  9.44575847  9.72055477
  9.99535108 10.27014739 10.5449437  10.81974001 11.09453631 11.36933262
 11.64412893 11.91892524]
EFF:
[0.00817836913403599, 0.007520567733703595, 0.006656881184951899, 0.005636246293504527, 0.0045515816898351715, 0.0034934361817771185, 0.002576728111213363, 0.0018923178160095838, 0.0015323325381248246, 0.0015596544440110484, 0.0020071614731673607, 0.0028710620111887363, 0.004110460277188671, 0.005654612466305022, 0.007398014359760361, 0.009218968376104015, 0.010945840740813098, 0.012463605678899736, 0.013600529366109265, 0.014264661716118381, 0.014383821595338435, 0.01388348731045184, 0.01281857618086292, 0.011207473347648662, 0.009214634722459373, 0.007016175824138754, 0.004814790040952373, 0.0028900830897681364, 0.0015189149849299788, 0.0009956442072894852, 0.001608743622965181, 0.003618068055817255, 0.007253052426586055, 0.01268306850146338, 0.01999118846581064, 0.029254314420100028, 0.04039887009890967, 0.053237218451744776, 0.0677082857655254, 0.08332292787525987, 0.10001124294724185, 0.11702406984319066, 0.13424084022054478, 0.1513210198294338]

STAGE:  6
STEPS:
[ 0.13424084  0.42079401  0.70734718  0.99390035  1.28045352  1.56700669
  1.85355985  2.14011302  2.42666619  2.71321936  2.99977253  3.2863257
  3.57287887  3.85943204  4.14598521  4.43253838  4.71909155  5.00564471
  5.29219788  5.57875105  5.86530422  6.15185739  6.43841056  6.72496373
  7.0115169   7.29807007  7.58462324  7.8711764   8.15772957  8.44428274
  8.73083591  9.01738908  9.30394225  9.59049542  9.87704859 10.16360176
 10.45015493 10.7367081  11.02326126 11.30981443 11.5963676  11.88292077
 12.16947394 12.45602711]
EFF:
[0.008109135103560207, 0.007408275470177668, 0.00646069809053181, 0.00537329627726484, 0.004240701825512172, 0.0031704847797151305, 0.0022886110393875287, 0.0017017867776392063, 0.001494360632136171, 0.0017301374359108388, 0.002423849200323077, 0.0035533354353185524, 0.0050520858048660015, 0.006812240429112958, 0.008702030666754242, 0.010542284902501056, 0.012174131081352194, 0.013446770684764329, 0.014219693589314842, 0.014404265052848083, 0.013901391847728225, 0.012799764229692725, 0.011104838813065428, 0.009002944557141622, 0.0067035010724920555, 0.004431041263053026, 0.0025194716817460265, 0.0012813220320004061, 0.0010525975207608597, 0.0021516361331407508, 0.004858515248727455, 0.009418617388596088, 0.015968551499830022, 0.02464695253843087, 0.03536788933474568, 0.04805501229601235, 0.06247393420689366, 0.07842530862370212, 0.09559486963173047, 0.11331680556557704, 0.13128029382512635, 0.14889533132891247, 0.16585921248978625, 0.18156304803641388]

STAGE:  7
STEPS:
[ 0.16585921  0.46470221  0.76354522  1.06238822  1.36123122  1.66007422
  1.95891723  2.25776023  2.55660323  2.85544623  3.15428923  3.45313224
  3.75197524  4.05081824  4.34966124  4.64850424  4.94734725  5.24619025
  5.54503325  5.84387625  6.14271926  6.44156226  6.74040526  7.03924826
  7.33809126  7.63693427  7.93577727  8.23462027  8.53346327  8.83230627
  9.13114928  9.42999228  9.72883528 10.02767828 10.32652128 10.62536429
 10.92420729 11.22305029 11.52189329 11.8207363  12.1195793  12.4184223
 12.7172653  13.0161083 ]
EFF:
[0.008046481032632854, 0.00726775698834541, 0.006261659565750215, 0.005108556847196021, 0.003927290705343601, 0.0028572639261617433, 0.00203470499776723, 0.001565722135067946, 0.0015457806663292408, 0.0020187248337919855, 0.002983638148816163, 0.0043908094915556355, 0.006128448594410731, 0.008061109940272166, 0.010023987431315771, 0.011807812590248084, 0.013228579019603856, 0.014147723868756942, 0.014401909470412826, 0.013973317790800277, 0.012847710292903136, 0.011080281735027567, 0.008881747707876522, 0.006475338599996991, 0.0041359656453136984, 0.0022335078892390314, 0.001129916024783317, 0.001203750121584875, 0.002808065843706686, 0.0062487568782031225, 0.01176503490852761, 0.01953359120812532, 0.029530536951348645, 0.04182294184315366, 0.05610972818536303, 0.07212032526440793, 0.0894879153328385, 0.10785921926437292, 0.1267032230616347, 0.14518894888224895, 0.16307755680617128, 0.17976971640126851, 0.1943890516146278, 0.20703523033352242]

STAGE:  8
STEPS:
[ 0.19438905  0.50615234  0.81791563  1.12967892  1.44144221  1.7532055
  2.06496879  2.37673208  2.68849537  3.00025866  3.31202195  3.62378525
  3.93554854  4.24731183  4.55907512  4.87083841  5.1826017   5.49436499
  5.80612828  6.11789157  6.42965486  6.74141815  7.05318144  7.36494473
  7.67670802  7.98847131  8.3002346   8.61199789  8.92376118  9.23552447
  9.54728776  9.85905105 10.17081434 10.48257763 10.79434092 11.10610421
 11.4178675  11.72963079 12.04139408 12.35315737 12.66492066 12.97668395
 13.28844725 13.60021054]
FREQUENCY = 2.9

STAGE:  0
STEPS:
[10. 11. 12. 13. 14. 15. 16. 17. 18. 19. 20.]
EFF:
[0.033881931449480436, 0.07862602293892194, 0.13033238972322456, 0.17201124242742716, 0.1903358343863517, 0.1793882483108987, 0.14541004430430787, 0.1001404480398945, 0.05683455210769415, 0.024657934777159305, 0.0067021482545454765]

STAGE:  1
STEPS:
[13.09090909 13.56818182 14.04545455 14.52272727 15.        ]
EFF:
[0.17489821537173028, 0.18595673528669318, 0.19025265849548206, 0.1882130530436927, 0.1793882483108987]
--------------------------------------------------------------------
FREQUENCY = 3.0

STAGE:  0
STEPS:
[10. 11. 12. 13. 14. 15. 16. 17. 18. 19. 20.]
EFF:
[0.023773539454566606, 0.06955687510597204, 0.1319894791219606, 0.19077369552949378, 0.22477825417169914, 0.22262381398953512, 0.18731061501355345, 0.13315205621800577, 0.0779519049874107, 0.0352967220183357, 0.010592190430516924]

STAGE:  1
STEPS:
[13.09090909 13.56818182 14.04545455 14.52272727 15.        ]
EFF:
[0.19515529031707368, 0.21418099234891058, 0.22549594027507514, 0.22830700075496355, 0.22262381398953512]
--------------------------------------------------------------------
FINAL RESULT:
FREQS:
[2.9 3. ]
EFF:
[0.19025265849548206, 0.22830700075496355]
PARAMETERS (offs_deg):
[np.float64(14.045454545454547), np.float64(14.522727272727273)]


