FREQUENCY = 1.0

STAGE:  0
STEPS:
[0.5        0.64285714 0.78571429 0.92857143 1.07142857 1.21428571
 1.35714286 1.5       ]
EFF:
[0.01842244175058881, 0.02012156753561509, 0.07299933938319342, 0.2788953884620685, 0.18174228081465457, 0.04091044410011453, 0.018736710000140083, 0.022157972398467354]

STAGE:  1
STEPS:
[0.80357143 0.84183673 0.88010204 0.91836735 0.95663265 0.99489796
 1.03316327 1.07142857]
EFF:
[0.0875380981124577, 0.1489314019793215, 0.22057026100736277, 0.2637479273864457, 0.31770069718821126, 0.3124527953197416, 0.2840965503793351, 0.18174228081465457]
--------------------------------------------------------------------
FREQUENCY = 1.1052631578947367

STAGE:  0
STEPS:
[0.5        0.64285714 0.78571429 0.92857143 1.07142857 1.21428571
 1.35714286 1.5       ]
EFF:
[0.01723881310760564, 0.024156796111509986, 0.0339198438708706, 0.2246553123080609, 0.16372898614511716, 0.032602177055472435, 0.0188177633836832, 0.020511669610043994]

STAGE:  1
STEPS:
[0.80357143 0.84183673 0.88010204 0.91836735 0.95663265 0.99489796
 1.03316327 1.07142857]
EFF:
[0.04792245212169463, 0.129117519361097, 0.1580031132255591, 0.20654202553010037, 0.26046818566221863, 0.26078352149873313, 0.23422291246241575, 0.16372898614511716]
--------------------------------------------------------------------
FREQUENCY = 1.2105263157894737

STAGE:  0
STEPS:
[0.5        0.64285714 0.78571429 0.92857143 1.07142857 1.21428571
 1.35714286 1.5       ]
EFF:
[0.017769268527759764, 0.025112247324680714, 0.02139268823108708, 0.1938536103645086, 0.13457719813805386, 0.0236064240183146, 0.020030259263260606, 0.01946747947378049]

STAGE:  1
STEPS:
[0.80357143 0.84183673 0.88010204 0.91836735 0.95663265 0.99489796
 1.03316327 1.07142857]
EFF:
[0.032777335827949935, 0.08757267501841223, 0.11671057456517825, 0.17299194060117254, 0.2104471433104858, 0.21386312329668147, 0.17642550917266087, 0.13457719813805386]
--------------------------------------------------------------------
FREQUENCY = 1.3157894736842106

STAGE:  0
STEPS:
[0.5        0.64285714 0.78571429 0.92857143 1.07142857 1.21428571
 1.35714286 1.5       ]
EFF:
[0.017212528908078225, 0.01990355381550775, 0.015972780249261673, 0.15811330887602992, 0.10398911090456502, 0.016508872362852662, 0.01787159177858381, 0.01613996440092946]

STAGE:  1
STEPS:
[0.80357143 0.84183673 0.88010204 0.91836735 0.95663265 0.99489796
 1.03316327 1.07142857]
EFF:
[0.027088763378989484, 0.0591245923651565, 0.09122058886464492, 0.1525254480644157, 0.16555903609011385, 0.1691201256849045, 0.1263730221314124, 0.10398911090456502]
--------------------------------------------------------------------
FREQUENCY = 1.4210526315789473

STAGE:  0
STEPS:
[0.5        0.64285714 0.78571429 0.92857143 1.07142857 1.21428571
 1.35714286 1.5       ]
EFF:
[0.014167275207767718, 0.014230226067713285, 0.013122954534088882, 0.1191979679381856, 0.07803033920445984, 0.012805427793732612, 0.014818046771067076, 0.01306842201278464]

STAGE:  1
STEPS:
[0.80357143 0.84183673 0.88010204 0.91836735 0.95663265 0.99489796
 1.03316327 1.07142857]
EFF:
[0.022251300470878074, 0.03575048929912144, 0.07027645570759804, 0.11637948945029795, 0.12717119761765902, 0.12837010747213584, 0.10024967291388229, 0.07803033920445984]
--------------------------------------------------------------------
FREQUENCY = 1.526315789473684

STAGE:  0
STEPS:
[0.5        0.64285714 0.78571429 0.92857143 1.07142857 1.21428571
 1.35714286 1.5       ]
EFF:
[0.01365443864155899, 0.0126835734560862, 0.013116440614432167, 0.09149733839593192, 0.05551402366090999, 0.012961187933424675, 0.013447418041617278, 0.012744046421186754]

STAGE:  1
STEPS:
[0.80357143 0.84183673 0.88010204 0.91836735 0.95663265 0.99489796
 1.03316327 1.07142857]
EFF:
[0.01427814984851617, 0.02335484538086021, 0.05995055649629939, 0.08823160771131483, 0.1004650560183707, 0.09352751049392367, 0.07831678632165119, 0.05551402366090999]
--------------------------------------------------------------------
FREQUENCY = 1.631578947368421

STAGE:  0
STEPS:
[0.5        0.64285714 0.78571429 0.92857143 1.07142857 1.21428571
 1.35714286 1.5       ]
EFF:
[0.012226087459105741, 0.012175494669393229, 0.01219579288804487, 0.07137207762758321, 0.035459800792331755, 0.012841352692640596, 0.012556915487535639, 0.012390999512732408]

STAGE:  1
STEPS:
[0.80357143 0.84183673 0.88010204 0.91836735 0.95663265 0.99489796
 1.03316327 1.07142857]
EFF:
[0.012251469613079725, 0.01906214502325929, 0.05735757746249325, 0.0680541500197172, 0.07967291469905562, 0.07020761319170556, 0.05899393378513348, 0.035459800792331755]
--------------------------------------------------------------------
FREQUENCY = 1.736842105263158

STAGE:  0
STEPS:
[0.5        0.64285714 0.78571429 0.92857143 1.07142857 1.21428571
 1.35714286 1.5       ]
EFF:
[0.011169816337241466, 0.011660062683943168, 0.01303971182771355, 0.05604437968745157, 0.0301676729847944, 0.011948674275431845, 0.011351090496039707, 0.011243374953981625]

STAGE:  1
STEPS:
[0.80357143 0.84183673 0.88010204 0.91836735 0.95663265 0.99489796
 1.03316327 1.07142857]
EFF:
[0.01116482428745058, 0.014275876432606523, 0.026981572905880203, 0.054748308550552446, 0.05936690354785459, 0.058025705999681675, 0.04056890185719226, 0.0301676729847944]
--------------------------------------------------------------------
FREQUENCY = 1.8421052631578947

STAGE:  0
STEPS:
[0.5        0.64285714 0.78571429 0.92857143 1.07142857 1.21428571
 1.35714286 1.5       ]
EFF:
[0.010698030771797394, 0.011584988965851058, 0.011499866026309041, 0.04011501440652777, 0.0233713408192471, 0.011047325593897926, 0.010301648434196899, 0.010440683131540937]

STAGE:  1
STEPS:
[0.80357143 0.84183673 0.88010204 0.91836735 0.95663265 0.99489796
 1.03316327 1.07142857]
EFF:
[0.010317623643899388, 0.010827904758006473, 0.020269700055742447, 0.03852476378388392, 0.044417586918000636, 0.04255161333235152, 0.03300484226514052, 0.0233713408192471]
--------------------------------------------------------------------
FREQUENCY = 1.9473684210526314

STAGE:  0
STEPS:
[0.5        0.64285714 0.78571429 0.92857143 1.07142857 1.21428571
 1.35714286 1.5       ]
EFF:
[0.011114221479022095, 0.011488953134613948, 0.011118353649370475, 0.030102952120276052, 0.017715492360975152, 0.010524685699590659, 0.010039116981826428, 0.010261650254672428]

STAGE:  1
STEPS:
[0.80357143 0.89285714 0.98214286 1.07142857]
EFF:
[0.010725287967847753, 0.024725812900453024, 0.035116647831937, 0.017715492360975152]

STAGE:  2
STEPS:
[0.89285714 0.94494048 0.99702381 1.04910714]
EFF:
[0.024725812900453024, 0.03296465093066056, 0.03132629247226031, 0.023708763899304413]
--------------------------------------------------------------------
FREQUENCY = 2.052631578947368

STAGE:  0
STEPS:
[0.5        0.64285714 0.78571429 0.92857143 1.07142857 1.21428571
 1.35714286 1.5       ]
EFF:
[0.010080244119085334, 0.01068010258637204, 0.011079945313000177, 0.023923347171992296, 0.012766190298600879, 0.009899580738511805, 0.009604586490703997, 0.009726243630377798]

STAGE:  1
STEPS:
[0.80357143 0.89285714 0.98214286 1.07142857]
EFF:
[0.01067193444639022, 0.01866981121844666, 0.02623637571282734, 0.012766190298600879]
--------------------------------------------------------------------
FREQUENCY = 2.1578947368421053

STAGE:  0
STEPS:
[0.5        0.64285714 0.78571429 0.92857143 1.07142857 1.21428571
 1.35714286 1.5       ]
EFF:
[0.009297191711480695, 0.009901671103309872, 0.010624193040295072, 0.02012212423497085, 0.009812021236525982, 0.009391130439982989, 0.009204537969904327, 0.009198966559490328]
--------------------------------------------------------------------
FREQUENCY = 2.263157894736842

STAGE:  0
STEPS:
[0.5        0.64285714 0.78571429 0.92857143 1.07142857 1.21428571
 1.35714286 1.5       ]
EFF:
[0.008189306483510376, 0.008846707591005224, 0.009232235621554011, 0.016810053726209025, 0.00850723049362028, 0.008328256687502814, 0.00820916675903822, 0.008356010917413675]
--------------------------------------------------------------------
FREQUENCY = 2.3684210526315788
