FREQUENCY = 0.7

STAGE:  0
STEPS:
[0.01       0.04222222 0.07444444 0.10666667 0.13888889 0.17111111
 0.20333333 0.23555556 0.26777778 0.3       ]
EFF:
[0.4453588039311586, 0.5186230694686824, 0.5752586120440609, 0.645171131063504, 0.6812484426043642, 0.701921117087816, 0.7007410292309665, 0.6903323602341693, 0.6586905259141426, 0.61794469205375]
--------------------------------------------------------------------
FREQUENCY = 0.7999999999999999

STAGE:  0
STEPS:
[0.01       0.04222222 0.07444444 0.10666667 0.13888889 0.17111111
 0.20333333 0.23555556 0.26777778 0.3       ]
EFF:
[0.400454271421281, 0.45841896570587043, 0.5252606627636742, 0.607842759000486, 0.6686827314031168, 0.6912645350788752, 0.6991094714118112, 0.6781452749083434, 0.6433524111488668, 0.6097198965290784]
--------------------------------------------------------------------
FREQUENCY = 0.8999999999999999

STAGE:  0
STEPS:
[0.01       0.04222222 0.07444444 0.10666667 0.13888889 0.17111111
 0.20333333 0.23555556 0.26777778 0.3       ]
EFF:
[0.38352414187838957, 0.44687500854450507, 0.5210249031791033, 0.6102680072345776, 0.6823590304173242, 0.7039775442078499, 0.6921541181372002, 0.660482971069645, 0.6126155238974957, 0.5523179363727028]

STAGE:  1
STEPS:
[0.14211111 0.15741667 0.17272222 0.18802778 0.20333333]
EFF:
[0.6832041516155247, 0.689533219894947, 0.7044647122850498, 0.6999610469933696, 0.6921541181372002]
--------------------------------------------------------------------
FREQUENCY = 1.0

STAGE:  0
STEPS:
[0.01       0.04222222 0.07444444 0.10666667 0.13888889 0.17111111
 0.20333333 0.23555556 0.26777778 0.3       ]
EFF:
[0.37428717558682567, 0.4628361170941636, 0.5627964452607759, 0.6560984330401528, 0.7035443553258769, 0.7021432342206765, 0.6700251572249235, 0.6174007095536832, 0.5551242516772504, 0.4983927589020197]
--------------------------------------------------------------------
FREQUENCY = 1.1

STAGE:  0
STEPS:
[0.01       0.04222222 0.07444444 0.10666667 0.13888889 0.17111111
 0.20333333 0.23555556 0.26777778 0.3       ]
EFF:
[0.351592957052782, 0.4404282517069073, 0.5450443540428933, 0.6479407570916728, 0.7036850172001703, 0.6994810319655882, 0.6523543868590403, 0.5861815759095731, 0.5184348406830556, 0.458211898595483]
--------------------------------------------------------------------
FREQUENCY = 1.2

STAGE:  0
STEPS:
[0.01       0.04222222 0.07444444 0.10666667 0.13888889 0.17111111
 0.20333333 0.23555556 0.26777778 0.3       ]
EFF:
[0.3483629102643467, 0.47772897238853984, 0.6034997771194555, 0.6926181376613335, 0.7096468838787118, 0.6658738351819036, 0.5912034983625338, 0.5104726444169776, 0.4374091536339707, 0.37720132099054826]

STAGE:  1
STEPS:
[0.10666667 0.11346914 0.1202716  0.12707407 0.13387654 0.14067901
 0.14748148 0.15428395 0.16108642 0.16788889]
EFF:
[0.6926181376613335, 0.7002110007748211, 0.7091826955309323, 0.7103362531851218, 0.710368980320146, 0.7086962892980239, 0.7024196347319557, 0.6836344936409808, 0.6743031764469019, 0.6707745753784496]
--------------------------------------------------------------------
FREQUENCY = 1.3

STAGE:  0
STEPS:
[0.01       0.04222222 0.07444444 0.10666667 0.13888889 0.17111111
 0.20333333 0.23555556 0.26777778 0.3       ]
EFF:
[0.3254900978669813, 0.45316322463800845, 0.5843425546297255, 0.6871759008944616, 0.7065655496346095, 0.635784611148953, 0.5546181933276297, 0.47955264296338174, 0.41117401195246955, 0.3537314833329634]

STAGE:  1
STEPS:
[0.10666667 0.11346914 0.1202716  0.12707407 0.13387654 0.14067901
 0.14748148 0.15428395 0.16108642 0.16788889]
EFF:
[0.6871759008944616, 0.7058058391256091, 0.7134411398202064, 0.7114772223920756, 0.7088346181256621, 0.7043061592341401, 0.6924729706930152, 0.6862037901837629, 0.6741962049345326, 0.6534512097226302]
--------------------------------------------------------------------
FREQUENCY = 1.4

STAGE:  0
STEPS:
[0.01       0.04222222 0.07444444 0.10666667 0.13888889 0.17111111
 0.20333333 0.23555556 0.26777778 0.3       ]
EFF:
[0.31002175997846204, 0.4663387331967113, 0.6404400202919425, 0.7102899955671066, 0.6872666456746045, 0.5924714243668405, 0.4928486511559714, 0.41260626373394105, 0.3496457925561714, 0.29682208567869023]

STAGE:  1
STEPS:
[0.07766667 0.08446914 0.0912716  0.09807407 0.10487654 0.11167901
 0.11848148 0.12528395 0.13208642 0.13888889]
EFF:
[0.6470282015791529, 0.6629075363028728, 0.6815065928804999, 0.7051790617541499, 0.709360058508849, 0.7121393479016814, 0.7120403269731901, 0.7028315859593597, 0.6971008924646993, 0.6872666456746045]
--------------------------------------------------------------------
FREQUENCY = 1.5

STAGE:  0
STEPS:
[0.01       0.04222222 0.07444444 0.10666667 0.13888889 0.17111111
 0.20333333 0.23555556 0.26777778 0.3       ]
EFF:
[0.2941679291771833, 0.48367226207898834, 0.6353571362522357, 0.7067205738620845, 0.6543599348850203, 0.5544330979159262, 0.4339708362851085, 0.3650942998039249, 0.30215227554112306, 0.26218304473565757]

STAGE:  1
STEPS:
[0.07766667 0.08446914 0.0912716  0.09807407 0.10487654 0.11167901
 0.11848148 0.12528395 0.13208642 0.13888889]
EFF:
[0.6473734268006541, 0.6777017429486385, 0.6939858298532139, 0.7012376565913392, 0.7058705669459218, 0.703440157186906, 0.6999062019049294, 0.6899631213959193, 0.6670613756246327, 0.6543599348850203]
--------------------------------------------------------------------
FREQUENCY = 1.6

STAGE:  0
STEPS:
[0.01       0.04222222 0.07444444 0.10666667 0.13888889 0.17111111
 0.20333333 0.23555556 0.26777778 0.3       ]
EFF:
[0.27985822489449297, 0.4666283544316345, 0.6390318763960336, 0.7048991343363933, 0.640615603153722, 0.5155917103147838, 0.4141348379322934, 0.325534146891035, 0.2752898022979015, 0.23529000369875339]

STAGE:  1
STEPS:
[0.07766667 0.08446914 0.0912716  0.09807407 0.10487654 0.11167901
 0.11848148 0.12528395 0.13208642 0.13888889]
EFF:
[0.6578078662599265, 0.6817467691299869, 0.692266869968757, 0.704062102989744, 0.7055911792050616, 0.7021078662007854, 0.6928063804296872, 0.6706756125017271, 0.6604131776826845, 0.640615603153722]
--------------------------------------------------------------------
FREQUENCY = 1.7

STAGE:  0
STEPS:
[0.01       0.04222222 0.07444444 0.10666667 0.13888889 0.17111111
 0.20333333 0.23555556 0.26777778 0.3       ]
EFF:
[0.25957539829332843, 0.4596676077782261, 0.638167702709435, 0.7000494571788407, 0.6186026654306184, 0.4887046555270407, 0.3745033995675205, 0.29804754353453655, 0.24032610253596973, 0.21347495007488354]

STAGE:  1
STEPS:
[0.07444444 0.08124691 0.08804938 0.09485185 0.10165432 0.10845679
 0.11525926 0.12206173 0.1288642  0.13566667]
EFF:
[0.638167702709435, 0.679588835225025, 0.6884656212887441, 0.6992662590496268, 0.7029797957621692, 0.6988193579143304, 0.6905257193895125, 0.6631772925533759, 0.6516407883011184, 0.6316540574994391]
--------------------------------------------------------------------
FREQUENCY = 1.8

STAGE:  0
STEPS:
[0.01       0.04222222 0.07444444 0.10666667 0.13888889 0.17111111
 0.20333333 0.23555556 0.26777778 0.3       ]
EFF:
[0.2891918433500515, 0.46934380195829173, 0.665618804172299, 0.6603359997417181, 0.56069572201556, 0.416137293248927, 0.30703289251622573, 0.24910068871532418, 0.20235686914802764, 0.17930546352808321]
--------------------------------------------------------------------
FREQUENCY = 1.9000000000000001

STAGE:  0
STEPS:
[0.01       0.04222222 0.07444444 0.10666667 0.13888889 0.17111111
 0.20333333 0.23555556 0.26777778 0.3       ]
EFF:
[0.26528694435749284, 0.46184984420985853, 0.6575820907294223, 0.6601354266819869, 0.5025584820831998, 0.3847845235087906, 0.2876022813676417, 0.21898807223585653, 0.17633975153769482, 0.1612770520524051]
--------------------------------------------------------------------
FREQUENCY = 2.0

STAGE:  0
STEPS:
[0.01       0.04222222 0.07444444 0.10666667 0.13888889 0.17111111
 0.20333333 0.23555556 0.26777778 0.3       ]
EFF:
[0.2464551539958319, 0.46971975615502937, 0.6611128178901401, 0.6499358793585299, 0.5052983023478645, 0.35671801247581164, 0.2511412645192929, 0.18976227194495274, 0.16402011334817415, 0.14749553199250592]

STAGE:  1
STEPS:
[0.04544444 0.06075    0.07605556 0.09136111 0.10666667]
EFF:
[0.4848199637388299, 0.6046053079958783, 0.6684093677878822, 0.6809365420798731, 0.6499358793585299]

STAGE:  2
STEPS:
[0.07605556 0.08294306 0.08983056 0.09671806 0.10360556]
EFF:
[0.6684093677878822, 0.679720761192845, 0.6821187779342313, 0.6628326165757474, 0.6592762604253319]
--------------------------------------------------------------------
FREQUENCY = 2.1

STAGE:  0
STEPS:
[0.01       0.04222222 0.07444444 0.10666667 0.13888889 0.17111111
 0.20333333 0.23555556 0.26777778 0.3       ]
EFF:
[0.24392447273150178, 0.4807198143749197, 0.6649945150908678, 0.5917260209912983, 0.42480580131889606, 0.2912213841437725, 0.2095046321020543, 0.1646559057579654, 0.14123448961086493, 0.12972535178048414]

STAGE:  1
STEPS:
[0.04544444 0.05224691 0.05904938 0.06585185 0.07265432 0.07945679
 0.08625926 0.09306173 0.0998642  0.10666667]
EFF:
[0.5106216847096819, 0.5798322322561262, 0.6088752884316737, 0.6517590589883355, 0.6640996198249561, 0.6763079369485784, 0.6605478027296875, 0.6533340383025945, 0.6149450377951786, 0.5917260209912983]

STAGE:  2
STEPS:
[0.07265432 0.07588549 0.07911667 0.08234784 0.08557901]
EFF:
[0.6640996198249561, 0.669376656341776, 0.6761792325697554, 0.6710913265495971, 0.6609602386925278]
--------------------------------------------------------------------
FREQUENCY = 2.2

STAGE:  0
STEPS:
[0.01       0.04222222 0.07444444 0.10666667 0.13888889 0.17111111
 0.20333333 0.23555556 0.26777778 0.3       ]
EFF:
[0.2299404527104915, 0.4768125013820053, 0.6704170141324458, 0.5861412143629556, 0.4102355006285398, 0.27475511191316065, 0.19443712557968365, 0.15156627599669437, 0.12973934125126385, 0.11887681990528419]

STAGE:  1
STEPS:
[0.04544444 0.05224691 0.05904938 0.06585185 0.07265432 0.07945679
 0.08625926 0.09306173 0.0998642  0.10666667]
EFF:
[0.5161767285932499, 0.5713336913913535, 0.6132651373285355, 0.6514387751235472, 0.6652956005759917, 0.6628809737983756, 0.6567760801999586, 0.6414638386178848, 0.6062190903805046, 0.5861412143629556]
--------------------------------------------------------------------
FREQUENCY = 2.3

STAGE:  0
STEPS:
[0.01       0.04222222 0.07444444 0.10666667 0.13888889 0.17111111
 0.20333333 0.23555556 0.26777778 0.3       ]
EFF:
[0.21739874154443828, 0.48037796950362666, 0.6659941264573425, 0.5418310423714024, 0.3673025384442846, 0.24291660925987119, 0.17179253080668952, 0.13585508298237256, 0.11814907079210317, 0.10891429120350243]

STAGE:  1
STEPS:
[0.04544444 0.05224691 0.05904938 0.06585185 0.07265432 0.07945679
 0.08625926 0.09306173 0.0998642  0.10666667]
EFF:
[0.5296021463195998, 0.564843338843267, 0.6239957692182313, 0.6476700352801273, 0.667015122002146, 0.6621720327414257, 0.6557709368091765, 0.6185104823062875, 0.5989665219624718, 0.5418310423714024]
--------------------------------------------------------------------
FREQUENCY = 2.4000000000000004

STAGE:  0
STEPS:
[0.01       0.04222222 0.07444444 0.10666667 0.13888889 0.17111111
 0.20333333 0.23555556 0.26777778 0.3       ]
EFF:
[0.2055660888852843, 0.4927464893044031, 0.6622777876771084, 0.5357654181575986, 0.35408929799485184, 0.22493816247971396, 0.1528627483273132, 0.12275425329874397, 0.1073987128448009, 0.10061696959809253]

STAGE:  1
STEPS:
[0.04544444 0.05224691 0.05904938 0.06585185 0.07265432 0.07945679
 0.08625926 0.09306173 0.0998642  0.10666667]
EFF:
[0.5184497692193887, 0.5647196548274572, 0.6257182753860182, 0.6468224321883748, 0.6613151594163749, 0.6568220587736018, 0.6285655710022626, 0.6120058987866895, 0.5699825723908873, 0.5357654181575986]
--------------------------------------------------------------------
FREQUENCY = 2.5

STAGE:  0
STEPS:
[0.01       0.04222222 0.07444444 0.10666667 0.13888889 0.17111111
 0.20333333 0.23555556 0.26777778 0.3       ]
EFF:
[0.19411512719898344, 0.4887671862983287, 0.659619047882799, 0.5262274358783826, 0.3155915518824191, 0.20479719353601572, 0.1451673809743675, 0.11209604815206531, 0.10034200654152117, 0.09457703518785442]

STAGE:  1
STEPS:
[0.04544444 0.05224691 0.05904938 0.06585185 0.07265432 0.07945679
 0.08625926 0.09306173 0.0998642  0.10666667]
EFF:
[0.5082071506939364, 0.5702405319800801, 0.6209042189654734, 0.6509963428084123, 0.6604138605501378, 0.6578959729730607, 0.6296643440773626, 0.6068775398259507, 0.5564427661468917, 0.5262274358783826]
--------------------------------------------------------------------
FINAL RESULT:
FREQS:
[0.7 0.8 0.9 1.  1.1 1.2 1.3 1.4 1.5 1.6 1.7 1.8 1.9 2.  2.1 2.2 2.3 2.4
 2.5]
EFF:
[0.701921117087816, 0.6991094714118112, 0.7044647122850498, 0.7035443553258769, 0.7036850172001703, 0.710368980320146, 0.7134411398202064, 0.7121393479016814, 0.7058705669459218, 0.7055911792050616, 0.7029797957621692, 0.665618804172299, 0.6601354266819869, 0.6821187779342313, 0.6761792325697554, 0.6652956005759917, 0.667015122002146, 0.6613151594163749, 0.6604138605501378]
PARAMETERS:
[np.float64(0.1711111111111111), np.float64(0.20333333333333334), np.float64(0.17272222222222222), np.float64(0.1388888888888889), np.float64(0.1388888888888889), np.float64(0.13387654320987655), np.float64(0.1202716049382716), np.float64(0.11167901234567901), np.float64(0.10487654320987655), np.float64(0.10487654320987655), np.float64(0.10165432098765431), np.float64(0.07444444444444444), np.float64(0.10666666666666666), np.float64(0.08983055555555555), np.float64(0.07911666666666667), np.float64(0.07265432098765431), np.float64(0.07265432098765431), np.float64(0.07265432098765431), np.float64(0.07265432098765431)]
